522.6666666666666
261.3333333333333
60000
181
181
181
local train time: 6.155591328938802
learning rate:  0.1
[[0], [1], [2]]
[[0], [1], [2]]
round 0, loss=856.3919067382812
server time: 8.92112398147583
local train time: 6.0461617310841875
learning rate:  0.09000000000000001
[[0], [1], [2]]
[0, 0, 0]
[] [] 0.1
[1.0, 0, 0]
[0] [[0]] 0.16939461
[0, 1.0, 0]
[1] [[1]] 0.17544843
[0.5, 0.5, 0]
[0, 1] [[0], [1]] 0.17309417
[0, 0, 1.0]
[2] [[2]] 0.1720852
[0.5, 0, 0.5]
[0, 2] [[0], [2]] 0.17286995
[0, 0.5, 0.5]
[1, 2] [[1], [2]] 0.1736547
[0.3333333333333333, 0.3333333333333333, 0.3333333333333333]
[0, 1, 2] [[0], [1], [2]] 0.17376682
[0.022907324135303497, 0.026326611638069153, 0.02453288435935974]
[[0], [1], [2]]
round 1, loss=663.2283325195312
server time: 20.74272108078003
local train time: 6.041338205337524
learning rate:  0.08100000000000002
[[0], [1], [2]]
[0, 0, 0]
[] [] 0.17376682
[1.0, 0, 0]
[0] [[0]] 0.29596412
[0, 1.0, 0]
[1] [[1]] 0.30560538
[0.5, 0.5, 0]
[0, 1] [[0], [1]] 0.30224216
[0, 0, 1.0]
[2] [[2]] 0.3176009
[0.5, 0, 0.5]
[0, 2] [[0], [2]] 0.30975336
[0, 0.5, 0.5]
[1, 2] [[1], [2]] 0.31233183
[0.3333333333333333, 0.3333333333333333, 0.3333333333333333]
[0, 1, 2] [[0], [1], [2]] 0.30986547
[0.06094917903343837, 0.07047833005587259, 0.07843796412150064]
[[0], [1], [2]]
round 2, loss=525.6231689453125
server time: 20.414146423339844
local train time: 6.010854244232178
learning rate:  0.07290000000000002
[[0], [1], [2]]
[0, 0, 0]
[] [] 0.30986547
[1.0, 0, 0]
[0] [[0]] 0.38441703
[0, 1.0, 0]
[1] [[1]] 0.38822868
[0.5, 0.5, 0]
[0, 1] [[0], [1]] 0.3881166
[0, 0, 1.0]
[2] [[2]] 0.40773544
[0.5, 0, 0.5]
[0, 2] [[0], [2]] 0.39775786
[0, 0.5, 0.5]
[1, 2] [[1], [2]] 0.39831838
[0.3333333333333333, 0.3333333333333333, 0.3333333333333333]
[0, 1, 2] [[0], [1], [2]] 0.3956278
[0.08322122444709143, 0.09493646522363026, 0.11747010548909503]
[[0], [1], [2]]
round 3, loss=443.8580627441406
server time: 20.45935559272766
local train time: 6.055042505264282
learning rate:  0.06561000000000002
[[0], [1], [2]]
[0, 0, 0]
[] [] 0.3956278
[1.0, 0, 0]
[0] [[0]] 0.44506726
[0, 1.0, 0]
[1] [[1]] 0.44372198
[0.5, 0.5, 0]
[0, 1] [[0], [1]] 0.44304934
[0, 0, 1.0]
[2] [[2]] 0.46535873
[0.5, 0, 0.5]
[0, 2] [[0], [2]] 0.4556054
[0, 0.5, 0.5]
[1, 2] [[1], [2]] 0.4543722
[0.3333333333333333, 0.3333333333333333, 0.3333333333333333]
[0, 1, 2] [[0], [1], [2]] 0.45056054
[0.09669282784064612, 0.10711883505185445, 0.1467488755782445]
[[0], [1], [2]]
round 4, loss=387.2364807128906
server time: 20.894224882125854
local train time: 6.051005442937215
learning rate:  0.05904900000000002
[[0], [1], [2]]
[0, 0, 0]
[] [] 0.45056054
[1.0, 0, 0]
[0] [[0]] 0.49618834
[0, 1.0, 0]
[1] [[1]] 0.4808296
[0.5, 0.5, 0]
[0, 1] [[0], [1]] 0.4884529
[0, 0, 1.0]
[2] [[2]] 0.5014574
[0.5, 0, 0.5]
[0, 2] [[0], [2]] 0.49943945
[0, 0.5, 0.5]
[1, 2] [[1], [2]] 0.492713
[0.3333333333333333, 0.3333333333333333, 0.3333333333333333]
[0, 1, 2] [[0], [1], [2]] 0.49372196
[0.11317264288663866, 0.11255605518817902, 0.16799326241016385]
[[0], [1], [2]]
round 5, loss=344.6578063964844
server time: 20.498140811920166
local train time: 6.103147983551025
learning rate:  0.05314410000000002
[[0], [1], [2]]
[0, 0, 0]
[] [] 0.49372196
[1.0, 0, 0]
[0] [[0]] 0.5352018
[0, 1.0, 0]
[1] [[1]] 0.5106502
[0.5, 0.5, 0]
[0, 1] [[0], [1]] 0.52253366
[0, 0, 1.0]
[2] [[2]] 0.5295964
[0.5, 0, 0.5]
[0, 2] [[0], [2]] 0.5317265
[0, 0.5, 0.5]
[1, 2] [[1], [2]] 0.5242152
[0.3333333333333333, 0.3333333333333333, 0.3333333333333333]
[0, 1, 2] [[0], [1], [2]] 0.525
[0.12959642459948859, 0.11294842263062795, 0.18245512743790943]
[[0], [1], [2]]
round 6, loss=310.6435852050781
server time: 20.011131048202515
local train time: 5.904770374298096
learning rate:  0.04782969000000002
[[0], [1], [2]]
[0, 0, 0]
[] [] 0.525
[1.0, 0, 0]
[0] [[0]] 0.56928253
[0, 1.0, 0]
[1] [[1]] 0.5389013
[0.5, 0.5, 0]
[0, 1] [[0], [1]] 0.5524664
[0, 0, 1.0]
[2] [[2]] 0.55269057
[0.5, 0, 0.5]
[0, 2] [[0], [2]] 0.5606502
[0, 0.5, 0.5]
[1, 2] [[1], [2]] 0.54663676
[0.3333333333333333, 0.3333333333333333, 0.3333333333333333]
[0, 1, 2] [[0], [1], [2]] 0.5529148
[0.15003741035858792, 0.11119207243124643, 0.19168531397978464]
[[0], [1], [2]]
round 7, loss=282.2594299316406
server time: 20.149975776672363
local train time: 5.876161575317383
learning rate:  0.043046721000000024
[[0], [1], [2]]
[0, 0, 0]
[] [] 0.5529148
[1.0, 0, 0]
[0] [[0]] 0.59921527
[0, 1.0, 0]
[1] [[1]] 0.56233186
[0.5, 0.5, 0]
[0, 1] [[0], [1]] 0.5808296
[0, 0, 1.0]
[2] [[2]] 0.57242155
[0.5, 0, 0.5]
[0, 2] [[0], [2]] 0.58643496
[0, 0.5, 0.5]
[1, 2] [[1], [2]] 0.56838566
[0.3333333333333333, 0.3333333333333333, 0.3333333333333333]
[0, 1, 2] [[0], [1], [2]] 0.57713
[0.1738042160868645, 0.10749252140522002, 0.19583328068256378]
[[0], [1], [2]]
round 8, loss=257.8526916503906
server time: 19.794414281845093
local train time: 5.85423747698466
learning rate:  0.03874204890000002
[[0], [1], [2]]
[0, 0, 0]
[] [] 0.57713
[1.0, 0, 0]
[0] [[0]] 0.62780267
[0, 1.0, 0]
[1] [[1]] 0.58307177
[0.5, 0.5, 0]
[0, 1] [[0], [1]] 0.60358745
[0, 0, 1.0]
[2] [[2]] 0.59360987
[0.5, 0, 0.5]
[0, 2] [[0], [2]] 0.6099776
[0, 0.5, 0.5]
[1, 2] [[1], [2]] 0.5899103
[0.3333333333333333, 0.3333333333333333, 0.3333333333333333]
[0, 1, 2] [[0], [1], [2]] 0.6012332
[0.20061662048101428, 0.10190583765506743, 0.19871072471141815]
[[0], [1], [2]]
round 9, loss=236.4522247314453
server time: 19.87884759902954
local train time: 5.878038644790649
learning rate:  0.03486784401000002
[[0], [1], [2]]
[0, 0, 0]
[] [] 0.6012332
[1.0, 0, 0]
[0] [[0]] 0.6548206
[0, 1.0, 0]
[1] [[1]] 0.6023543
[0.5, 0.5, 0]
[0, 1] [[0], [1]] 0.62926006
[0, 0, 1.0]
[2] [[2]] 0.61121076
[0.5, 0, 0.5]
[0, 2] [[0], [2]] 0.63318384
[0, 0.5, 0.5]
[1, 2] [[1], [2]] 0.607287
[0.3333333333333333, 0.3333333333333333, 0.3333333333333333]
[0, 1, 2] [[0], [1], [2]] 0.6241031
[0.23223095387220385, 0.09433858096599577, 0.19753359258174896]
[[0], [1], [2]]
round 10, loss=217.4591522216797
server time: 20.176918029785156
local train time: 5.898710171381633
learning rate:  0.03138105960900001
[[0], [1], [2]]
[0, 0, 0]
[] [] 0.6241031
[1.0, 0, 0]
[0] [[0]] 0.6803812
[0, 1.0, 0]
[1] [[1]] 0.62230945
[0.5, 0.5, 0]
[0, 1] [[0], [1]] 0.65358746
[0, 0, 1.0]
[2] [[2]] 0.6304933
[0.5, 0, 0.5]
[0, 2] [[0], [2]] 0.6548206
[0, 0.5, 0.5]
[1, 2] [[1], [2]] 0.6258969
[0.3333333333333333, 0.3333333333333333, 0.3333333333333333]
[0, 1, 2] [[0], [1], [2]] 0.6447309
[0.2665358806649844, 0.08514576653639475, 0.1930492768685023]
[[0], [1], [2]]
round 11, loss=200.48468017578125
server time: 20.059651136398315
local train time: 5.862927754720052
learning rate:  0.028242953648100012
[[0], [1], [2]]
[0, 0, 0]
[] [] 0.6447309
[1.0, 0, 0]
[0] [[0]] 0.70538116
[0, 1.0, 0]
[1] [[1]] 0.6447309
[0.5, 0.5, 0]
[0, 1] [[0], [1]] 0.6789238
[0, 0, 1.0]
[2] [[2]] 0.6492152
[0.5, 0, 0.5]
[0, 2] [[0], [2]] 0.6790359
[0, 0.5, 0.5]
[1, 2] [[1], [2]] 0.6476457
[0.3333333333333333, 0.3333333333333333, 0.3333333333333333]
[0, 1, 2] [[0], [1], [2]] 0.6683856
[0.3043348516027133, 0.0769245276848475, 0.18712624410788217]
[[0], [1], [2]]
round 12, loss=185.26307678222656
server time: 20.057568788528442
local train time: 5.914312283198039
learning rate:  0.025418658283290013
[[0], [1], [2]]
[0, 0, 0]
[] [] 0.6683856
[1.0, 0, 0]
[0] [[0]] 0.7293722
[0, 1.0, 0]
[1] [[1]] 0.6678251
[0.5, 0.5, 0]
[0, 1] [[0], [1]] 0.70336324
[0, 0, 1.0]
[2] [[2]] 0.6689462
[0.5, 0, 0.5]
[0, 2] [[0], [2]] 0.701009
[0, 0.5, 0.5]
[1, 2] [[1], [2]] 0.6690583
[0.3333333333333333, 0.3333333333333333, 0.3333333333333333]
[0, 1, 2] [[0], [1], [2]] 0.69181615
[0.3435164714852969, 0.06935727099577585, 0.1789424071709315]
[[0], [1], [2]]
round 13, loss=171.6007843017578
server time: 20.329820156097412
local train time: 5.873716751734416
learning rate:  0.022876792454961013
[[0], [1], [2]]
[0, 0, 0]
[] [] 0.69181615
[1.0, 0, 0]
[0] [[0]] 0.75224215
[0, 1.0, 0]
[1] [[1]] 0.6920404
[0.5, 0.5, 0]
[0, 1] [[0], [1]] 0.7246637
[0, 0, 1.0]
[2] [[2]] 0.68621075
[0.5, 0, 0.5]
[0, 2] [[0], [2]] 0.72309417
[0, 0.5, 0.5]
[1, 2] [[1], [2]] 0.68912554
[0.3333333333333333, 0.3333333333333333, 0.3333333333333333]
[0, 1, 2] [[0], [1], [2]] 0.71199554
[0.3828662559390068, 0.06162185966968536, 0.16750742495059967]
[[0], [1], [2]]
round 14, loss=159.3470916748047
server time: 19.965131521224976
local train time: 5.901585340499878
learning rate:  0.020589113209464913
[[0], [1], [2]]
[0, 0, 0]
[] [] 0.71199554
[1.0, 0, 0]
[0] [[0]] 0.77152467
[0, 1.0, 0]
[1] [[1]] 0.71255606
[0.5, 0.5, 0]
[0, 1] [[0], [1]] 0.7464126
[0, 0, 1.0]
[2] [[2]] 0.70829594
[0.5, 0, 0.5]
[0, 2] [[0], [2]] 0.7439462
[0, 0.5, 0.5]
[1, 2] [[1], [2]] 0.7102018
[0.3333333333333333, 0.3333333333333333, 0.3333333333333333]
[0, 1, 2] [[0], [1], [2]] 0.73452914
[0.42240287115176517, 0.054801975687344864, 0.157324289282163]
[[0], [1], [2]]
round 15, loss=148.3771514892578
server time: 19.918479919433594
local train time: 5.889378150304158
learning rate:  0.01853020188851842
[[0], [1], [2]]
[0, 0, 0]
[] [] 0.73452914
[1.0, 0, 0]
[0] [[0]] 0.79024667
[0, 1.0, 0]
[1] [[1]] 0.7337444
[0.5, 0.5, 0]
[0, 1] [[0], [1]] 0.767713
[0, 0, 1.0]
[2] [[2]] 0.72757846
[0.5, 0, 0.5]
[0, 2] [[0], [2]] 0.7622197
[0, 0.5, 0.5]
[1, 2] [[1], [2]] 0.73004484
[0.3333333333333333, 0.3333333333333333, 0.3333333333333333]
[0, 1, 2] [[0], [1], [2]] 0.753139
[0.4601084217429161, 0.04816894233226776, 0.14486165344715118]
[[0], [1], [2]]
round 16, loss=138.5830078125
server time: 19.897518157958984
local train time: 5.878652095794678
learning rate:  0.01667718169966658
[[0], [1], [2]]
[0, 0, 0]
[] [] 0.753139
[1.0, 0, 0]
[0] [[0]] 0.80773544
[0, 1.0, 0]
[1] [[1]] 0.754148
[0.5, 0.5, 0]
[0, 1] [[0], [1]] 0.7841928
[0, 0, 1.0]
[2] [[2]] 0.74820626
[0.5, 0, 0.5]
[0, 2] [[0], [2]] 0.78183854
[0, 0.5, 0.5]
[1, 2] [[1], [2]] 0.75
[0.3333333333333333, 0.3333333333333333, 0.3333333333333333]
[0, 1, 2] [[0], [1], [2]] 0.7737668
[0.4968423470854759, 0.04218988120555878, 0.13473458588123322]
[[0], [1], [2]]
round 17, loss=129.86859130859375
server time: 19.96571946144104
local train time: 5.907551527023315
learning rate:  0.015009463529699923
[[0], [1], [2]]
[0, 0, 0]
[] [] 0.7737668
[1.0, 0, 0]
[0] [[0]] 0.8215247
[0, 1.0, 0]
[1] [[1]] 0.7735426
[0.5, 0.5, 0]
[0, 1] [[0], [1]] 0.8001121
[0, 0, 1.0]
[2] [[2]] 0.7671525
[0.5, 0, 0.5]
[0, 2] [[0], [2]] 0.79787
[0, 0.5, 0.5]
[1, 2] [[1], [2]] 0.7701794
[0.3333333333333333, 0.3333333333333333, 0.3333333333333333]
[0, 1, 2] [[0], [1], [2]] 0.7908072
[0.5291854068636894, 0.036696597933769226, 0.12492518126964569]
[[0], [1], [2]]
round 18, loss=122.1455307006836
server time: 20.327385902404785
local train time: 5.907666365305583
learning rate:  0.013508517176729932
[[0], [1], [2]]
[0, 0, 0]
[] [] 0.7908072
[1.0, 0, 0]
[0] [[0]] 0.83183855
[0, 1.0, 0]
[1] [[1]] 0.7878924
[0.5, 0.5, 0]
[0, 1] [[0], [1]] 0.8150224
[0, 0, 1.0]
[2] [[2]] 0.78441703
[0.5, 0, 0.5]
[0, 2] [[0], [2]] 0.81076235
[0, 0.5, 0.5]
[1, 2] [[1], [2]] 0.7850897
[0.3333333333333333, 0.3333333333333333, 0.3333333333333333]
[0, 1, 2] [[0], [1], [2]] 0.80381167
[0.558015746374925, 0.030717526872952778, 0.11507839461167653]
[[0], [1], [2]]
round 19, loss=115.3311996459961
server time: 19.894208908081055
local train time: 5.948656400044759
learning rate:  0.01215766545905694
[[0], [1], [2]]
[0, 0, 0]
[] [] 0.80381167
[1.0, 0, 0]
[0] [[0]] 0.84192824
[0, 1.0, 0]
[1] [[1]] 0.7998879
[0.5, 0.5, 0]
[0, 1] [[0], [1]] 0.82634526
[0, 0, 1.0]
[2] [[2]] 0.7959641
[0.5, 0, 0.5]
[0, 2] [[0], [2]] 0.8232063
[0, 0.5, 0.5]
[1, 2] [[1], [2]] 0.79764575
[0.3333333333333333, 0.3333333333333333, 0.3333333333333333]
[0, 1, 2] [[0], [1], [2]] 0.81670403
[0.5860239590207736, 0.024925286571184792, 0.10575478772322336]
[[0], [1], [2]]
round 20, loss=109.34725952148438
server time: 20.226152181625366
local train time: 5.928346316019694
learning rate:  0.010941898913151246
[[0], [1], [2]]
[0, 0, 0]
[] [] 0.81670403
[1.0, 0, 0]
[0] [[0]] 0.8512332
[0, 1.0, 0]
[1] [[1]] 0.81020176
[0.5, 0.5, 0]
[0, 1] [[0], [1]] 0.83486545
[0, 0, 1.0]
[2] [[2]] 0.80773544
[0.5, 0, 0.5]
[0, 2] [[0], [2]] 0.83307177
[0, 0.5, 0.5]
[1, 2] [[1], [2]] 0.80919284
[0.3333333333333333, 0.3333333333333333, 0.3333333333333333]
[0, 1, 2] [[0], [1], [2]] 0.8279148
[0.6121076568961145, 0.01855380833148956, 0.09725330770015715]
[[0], [1], [2]]
round 21, loss=104.1185302734375
server time: 20.09234619140625
local train time: 5.910253842671712
learning rate:  0.009847709021836121
[[0], [1], [2]]
[0, 0, 0]
[] [] 0.8279148
[1.0, 0, 0]
[0] [[0]] 0.8599776
[0, 1.0, 0]
[1] [[1]] 0.8225336
[0.5, 0.5, 0]
[0, 1] [[0], [1]] 0.84349775
[0, 0, 1.0]
[2] [[2]] 0.8205157
[0.5, 0, 0.5]
[0, 2] [[0], [2]] 0.84192824
[0, 0.5, 0.5]
[1, 2] [[1], [2]] 0.8210762
[0.3333333333333333, 0.3333333333333333, 0.3333333333333333]
[0, 1, 2] [[0], [1], [2]] 0.83587444
[0.6347907905777297, 0.01208892961343129, 0.08899471660455066]
[[0], [1], [2]]
round 22, loss=99.57279205322266
server time: 19.74441123008728
local train time: 5.882953246434529
learning rate:  0.00886293811965251
[[0], [1], [2]]
[0, 0, 0]
[] [] 0.83587444
[1.0, 0, 0]
[0] [[0]] 0.8664798
[0, 1.0, 0]
[1] [[1]] 0.832287
[0.5, 0.5, 0]
[0, 1] [[0], [1]] 0.8504484
[0, 0, 1.0]
[2] [[2]] 0.8308296
[0.5, 0, 0.5]
[0, 2] [[0], [2]] 0.8504484
[0, 0.5, 0.5]
[1, 2] [[1], [2]] 0.8316144
[0.3333333333333333, 0.3333333333333333, 0.3333333333333333]
[0, 1, 2] [[0], [1], [2]] 0.84461886
[0.6556241139769555, 0.006408825516700739, 0.08258591592311858]
[[0], [1], [2]]
round 23, loss=95.64041900634766
server time: 20.029064178466797
local train time: 5.872182528177897
learning rate:  0.007976644307687259
[[0], [1], [2]]
[0, 0, 0]
[] [] 0.84461886
[1.0, 0, 0]
[0] [[0]] 0.87230945
[0, 1.0, 0]
[1] [[1]] 0.8412556
[0.5, 0.5, 0]
[0, 1] [[0], [1]] 0.8584081
[0, 0, 1.0]
[2] [[2]] 0.8399103
[0.5, 0, 0.5]
[0, 2] [[0], [2]] 0.85706276
[0, 0.5, 0.5]
[1, 2] [[1], [2]] 0.8396861
[0.3333333333333333, 0.3333333333333333, 0.3333333333333333]
[0, 1, 2] [[0], [1], [2]] 0.85213006
[0.6747197831670444, 0.001289243499437963, 0.07612102727095285]
[[0], [1], [2]]
round 24, loss=92.2544937133789
server time: 19.72275686264038
local train time: 5.89316972096761
learning rate:  0.007178979876918534
[[0], [1], [2]]
[0, 0, 0]
[] [] 0.85213006
[1.0, 0, 0]
[0] [[0]] 0.87690586
[0, 1.0, 0]
[1] [[1]] 0.8486547
[0.5, 0.5, 0]
[0, 1] [[0], [1]] 0.8643498
[0, 0, 1.0]
[2] [[2]] 0.84786993
[0.5, 0, 0.5]
[0, 2] [[0], [2]] 0.86524665
[0, 0.5, 0.5]
[1, 2] [[1], [2]] 0.84921527
[0.3333333333333333, 0.3333333333333333, 0.3333333333333333]
[0, 1, 2] [[0], [1], [2]] 0.86008966
[0.6921151503920556, -0.0034566670656204276, 0.07143117487430571]
[[0], [1], [2]]
round 25, loss=89.35140991210938
server time: 20.538867235183716
local train time: 5.918022473653157
learning rate:  0.006461081889226681
[[0], [1], [2]]
[0, 0, 0]
[] [] 0.86008966
[1.0, 0, 0]
[0] [[0]] 0.87982064
[0, 1.0, 0]
[1] [[1]] 0.8542601
[0.5, 0.5, 0]
[0, 1] [[0], [1]] 0.8691704
[0, 0, 1.0]
[2] [[2]] 0.8548206
[0.5, 0, 0.5]
[0, 2] [[0], [2]] 0.8693946
[0, 0.5, 0.5]
[1, 2] [[1], [2]] 0.854148
[0.3333333333333333, 0.3333333333333333, 0.3333333333333333]
[0, 1, 2] [[0], [1], [2]] 0.864574
[0.7070815488696099, -0.008893862366676334, 0.06638632714748381]
[[0], [1], [2]]
round 26, loss=86.87158966064453
server time: 20.151376485824585
local train time: 5.959068854649861
learning rate:  0.005814973700304013
[[0], [1], [2]]
[0, 0, 0]
[] [] 0.864574
[1.0, 0, 0]
[0] [[0]] 0.8815023
[0, 1.0, 0]
[1] [[1]] 0.8605381
[0.5, 0.5, 0]
[0, 1] [[0], [1]] 0.8741031
[0, 0, 1.0]
[2] [[2]] 0.86065024
[0.5, 0, 0.5]
[0, 2] [[0], [2]] 0.8734305
[0, 0.5, 0.5]
[1, 2] [[1], [2]] 0.8605381
[0.3333333333333333, 0.3333333333333333, 0.3333333333333333]
[0, 1, 2] [[0], [1], [2]] 0.8705157
[0.7204410359263421, -0.012462630867958072, 0.06253729760646819]
[[0], [1], [2]]
round 27, loss=84.75997924804688
server time: 20.134338855743408
local train time: 5.932080825169881
learning rate:  0.005233476330273611
[[0], [1], [2]]
[0, 0, 0]
[] [] 0.8705157
[1.0, 0, 0]
[0] [[0]] 0.8849776
[0, 1.0, 0]
[1] [[1]] 0.8661435
[0.5, 0.5, 0]
[0, 1] [[0], [1]] 0.8770179
[0, 0, 1.0]
[2] [[2]] 0.8664798
[0.5, 0, 0.5]
[0, 2] [[0], [2]] 0.87724215
[0, 0.5, 0.5]
[1, 2] [[1], [2]] 0.86569506
[0.3333333333333333, 0.3333333333333333, 0.3333333333333333]
[0, 1, 2] [[0], [1], [2]] 0.873991
[0.7316330994168918, -0.016461138923962913, 0.05881905059019723]
[[0], [1], [2]]
round 28, loss=82.9665756225586
server time: 20.295846700668335
local train time: 5.9409685134887695
learning rate:  0.00471012869724625
[[0], [1], [2]]
[0, 0, 0]
[] [] 0.873991
[1.0, 0, 0]
[0] [[0]] 0.8865471
[0, 1.0, 0]
[1] [[1]] 0.8692825
[0.5, 0.5, 0]
[0, 1] [[0], [1]] 0.88183856
[0, 0, 1.0]
[2] [[2]] 0.8702915
[0.5, 0, 0.5]
[0, 2] [[0], [2]] 0.88026905
[0, 0.5, 0.5]
[1, 2] [[1], [2]] 0.86973095
[0.3333333333333333, 0.3333333333333333, 0.3333333333333333]
[0, 1, 2] [[0], [1], [2]] 0.87713003
[0.7420404280225437, -0.01995516320069631, 0.055044765273729944]
[[0], [1], [2]]
round 29, loss=81.44659423828125
server time: 19.710812091827393
local train time: 5.903194824854533
learning rate:  0.004239115827521626
[[0], [1], [2]]
[0, 0, 0]
[] [] 0.87713003
[1.0, 0, 0]
[0] [[0]] 0.88789237
[0, 1.0, 0]
[1] [[1]] 0.8724215
[0.5, 0.5, 0]
[0, 1] [[0], [1]] 0.88273543
[0, 0, 1.0]
[2] [[2]] 0.87421525
[0.5, 0, 0.5]
[0, 2] [[0], [2]] 0.88273543
[0, 0.5, 0.5]
[1, 2] [[1], [2]] 0.8725336
[0.3333333333333333, 0.3333333333333333, 0.3333333333333333]
[0, 1, 2] [[0], [1], [2]] 0.87993276
[0.7512332722544671, -0.023598656058311466, 0.052298143506050096]
[[0], [1], [2]]
round 30, loss=80.16035461425781
server time: 20.00229287147522
local train time: 5.907117048899333
learning rate:  0.0038152042447694634
[[0], [1], [2]]
[0, 0, 0]
[] [] 0.87993276
[1.0, 0, 0]
[0] [[0]] 0.8886771
[0, 1.0, 0]
[1] [[1]] 0.876009
[0.5, 0.5, 0]
[0, 1] [[0], [1]] 0.88464123
[0, 0, 1.0]
[2] [[2]] 0.87713003
[0.5, 0, 0.5]
[0, 2] [[0], [2]] 0.8853139
[0, 0.5, 0.5]
[1, 2] [[1], [2]] 0.87713003
[0.3333333333333333, 0.3333333333333333, 0.3333333333333333]
[0, 1, 2] [[0], [1], [2]] 0.88273543
[0.7588192149996759, -0.026438727974891666, 0.0503549426794052]
[[0], [1], [2]]
round 31, loss=79.0732650756836
server time: 19.941895723342896
local train time: 5.946671009063721
learning rate:  0.003433683820292517
[[0], [1], [2]]
[0, 0, 0]
[] [] 0.88273543
[1.0, 0, 0]
[0] [[0]] 0.89035875
[0, 1.0, 0]
[1] [[1]] 0.8789238
[0.5, 0.5, 0]
[0, 1] [[0], [1]] 0.886435
[0, 0, 1.0]
[2] [[2]] 0.8806054
[0.5, 0, 0.5]
[0, 2] [[0], [2]] 0.8867713
[0, 0.5, 0.5]
[1, 2] [[1], [2]] 0.8794843
[0.3333333333333333, 0.3333333333333333, 0.3333333333333333]
[0, 1, 2] [[0], [1], [2]] 0.88475335
[0.7653961901863418, -0.029222751657168075, 0.048579906423886605]
[[0], [1], [2]]
round 32, loss=78.15511322021484
server time: 20.18183469772339
local train time: 5.927921215693156
learning rate:  0.0030903154382632653
[[0], [1], [2]]
[0, 0, 0]
[] [] 0.88475335
[1.0, 0, 0]
[0] [[0]] 0.8912556
[0, 1.0, 0]
[1] [[1]] 0.88127804
[0.5, 0.5, 0]
[0, 1] [[0], [1]] 0.88766813
[0, 0, 1.0]
[2] [[2]] 0.88273543
[0.5, 0, 0.5]
[0, 2] [[0], [2]] 0.8880045
[0, 0.5, 0.5]
[1, 2] [[1], [2]] 0.8825112
[0.3333333333333333, 0.3333333333333333, 0.3333333333333333]
[0, 1, 2] [[0], [1], [2]] 0.88621074
[0.7707399850090346, -0.031614388028780624, 0.04708514114220936]
[[0], [1], [2]]
round 33, loss=77.37991333007812
server time: 19.846051931381226
local train time: 5.937832752863566
learning rate:  0.002781283894436939
[[0], [1], [2]]
[0, 0, 0]
[] [] 0.88621074
[1.0, 0, 0]
[0] [[0]] 0.89226454
[0, 1.0, 0]
[1] [[1]] 0.8840807
[0.5, 0.5, 0]
[0, 1] [[0], [1]] 0.88901347
[0, 0, 1.0]
[2] [[2]] 0.8849776
[0.5, 0, 0.5]
[0, 2] [[0], [2]] 0.88923764
[0, 0.5, 0.5]
[1, 2] [[1], [2]] 0.88486546
[0.3333333333333333, 0.3333333333333333, 0.3333333333333333]
[0, 1, 2] [[0], [1], [2]] 0.88766813
[0.7752242808540664, -0.03340810040632884, 0.045851950844128915]
[[0], [1], [2]]
round 34, loss=76.72542572021484
server time: 19.882096767425537
local train time: 5.978724956512451
learning rate:  0.002503155504993245
[[0], [1], [2]]
[0, 0, 0]
[] [] 0.88766813
[1.0, 0, 0]
[0] [[0]] 0.8928251
[0, 1.0, 0]
[1] [[1]] 0.8855381
[0.5, 0.5, 0]
[0, 1] [[0], [1]] 0.8894619
[0, 0, 1.0]
[2] [[2]] 0.88632286
[0.5, 0, 0.5]
[0, 2] [[0], [2]] 0.88991034
[0, 0.5, 0.5]
[1, 2] [[1], [2]] 0.88598657
[0.3333333333333333, 0.3333333333333333, 0.3333333333333333]
[0, 1, 2] [[0], [1], [2]] 0.8886771
[0.7790920063853265, -0.03514577448368073, 0.04473088681697844]
[[0], [1], [2]]
round 35, loss=76.17259979248047
server time: 20.210877180099487
local train time: 5.898544073104858
learning rate:  0.0022528399544939205
[[0], [1], [2]]
[0, 0, 0]
[] [] 0.8886771
[1.0, 0, 0]
[0] [[0]] 0.89338565
[0, 1.0, 0]
[1] [[1]] 0.88632286
[0.5, 0.5, 0]
[0, 1] [[0], [1]] 0.8902466
[0, 0, 1.0]
[2] [[2]] 0.88834083
[0.5, 0, 0.5]
[0, 2] [[0], [2]] 0.8910314
[0, 0.5, 0.5]
[1, 2] [[1], [2]] 0.88744396
[0.3333333333333333, 0.3333333333333333, 0.3333333333333333]
[0, 1, 2] [[0], [1], [2]] 0.88991034
[0.7825860306620599, -0.03697685897350312, 0.04430116713047026]
[[0], [1], [2]]
round 36, loss=75.70529174804688
server time: 19.8374125957489
local train time: 5.913100719451904
learning rate:  0.0020275559590445286
[[0], [1], [2]]
[0, 0, 0]
[] [] 0.88991034
[1.0, 0, 0]
[0] [[0]] 0.8942825
[0, 1.0, 0]
[1] [[1]] 0.88834083
[0.5, 0.5, 0]
[0, 1] [[0], [1]] 0.8915919
[0, 0, 1.0]
[2] [[2]] 0.88934976
[0.5, 0, 0.5]
[0, 2] [[0], [2]] 0.89192826
[0, 0.5, 0.5]
[1, 2] [[1], [2]] 0.888565
[0.3333333333333333, 0.3333333333333333, 0.3333333333333333]
[0, 1, 2] [[0], [1], [2]] 0.8897982
[0.7854260926445327, -0.03878926734129588, 0.04316139717896778]
[[0], [1], [2]]
round 37, loss=75.30986785888672
server time: 19.875342845916748
local train time: 5.905951897303264
learning rate:  0.0018248003631400759
[[0], [1], [2]]
[0, 0, 0]
[] [] 0.8897982
[1.0, 0, 0]
[0] [[0]] 0.8946188
[0, 1.0, 0]
[1] [[1]] 0.88890135
[0.5, 0.5, 0]
[0, 1] [[0], [1]] 0.8921525
[0, 0, 1.0]
[2] [[2]] 0.890583
[0.5, 0, 0.5]
[0, 2] [[0], [2]] 0.89237666
[0, 0.5, 0.5]
[1, 2] [[1], [2]] 0.8891256
[0.3333333333333333, 0.3333333333333333, 0.3333333333333333]
[0, 1, 2] [[0], [1], [2]] 0.8911435
[0.7885463957985244, -0.040153230230013534, 0.0427503337462743]
[[0], [1], [2]]
round 38, loss=74.97476196289062
server time: 19.828351736068726
local train time: 5.959860483805339
learning rate:  0.0016423203268260682
[[0], [1], [2]]
[0, 0, 0]
[] [] 0.8911435
[1.0, 0, 0]
[0] [[0]] 0.8950673
[0, 1.0, 0]
[1] [[1]] 0.8901345
[0.5, 0.5, 0]
[0, 1] [[0], [1]] 0.8926009
[0, 0, 1.0]
[2] [[2]] 0.89091927
[0.5, 0, 0.5]
[0, 2] [[0], [2]] 0.8926009
[0, 0.5, 0.5]
[1, 2] [[1], [2]] 0.890583
[0.3333333333333333, 0.3333333333333333, 0.3333333333333333]
[0, 1, 2] [[0], [1], [2]] 0.8915919
[0.7908819640676182, -0.041293000181516014, 0.04200294117132822]
[[0], [1], [2]]
round 39, loss=74.6902847290039
server time: 20.053074836730957
local train time: 5.935800393422444
learning rate:  0.0014780882941434613
[[0], [1], [2]]
[0, 0, 0]
[] [] 0.8915919
[1.0, 0, 0]
[0] [[0]] 0.8952915
[0, 1.0, 0]
[1] [[1]] 0.8910314
[0.5, 0.5, 0]
[0, 1] [[0], [1]] 0.8930493
[0, 0, 1.0]
[2] [[2]] 0.89147985
[0.5, 0, 0.5]
[0, 2] [[0], [2]] 0.89338565
[0, 0.5, 0.5]
[1, 2] [[1], [2]] 0.89136773
[0.3333333333333333, 0.3333333333333333, 0.3333333333333333]
[0, 1, 2] [[0], [1], [2]] 0.8921525
[0.7930307015776636, -0.042283281683921814, 0.0414050668478012]
[[0], [1], [2]]
round 40, loss=74.44831085205078
server time: 19.96021842956543
local train time: 5.97058892250061
learning rate:  0.0013302794647291152
[[0], [1], [2]]
[0, 0, 0]
[] [] 0.8921525
[1.0, 0, 0]
[0] [[0]] 0.8957399
[0, 1.0, 0]
[1] [[1]] 0.89192826
[0.5, 0.5, 0]
[0, 1] [[0], [1]] 0.89338565
[0, 0, 1.0]
[2] [[2]] 0.8926009
[0.5, 0, 0.5]
[0, 2] [[0], [2]] 0.89383405
[0, 0.5, 0.5]
[1, 2] [[1], [2]] 0.89226454
[0.3333333333333333, 0.3333333333333333, 0.3333333333333333]
[0, 1, 2] [[0], [1], [2]] 0.892713
[0.7948244238893193, -0.043180142839749656, 0.04106872777144113]
[[0], [1], [2]]
round 41, loss=74.24205017089844
server time: 19.88879156112671
local train time: 5.930495897928874
learning rate:  0.0011972515182562037
[[0], [1], [2]]
[0, 0, 0]
[] [] 0.892713
[1.0, 0, 0]
[0] [[0]] 0.89495516
[0, 1.0, 0]
[1] [[1]] 0.8926009
[0.5, 0.5, 0]
[0, 1] [[0], [1]] 0.8939462
[0, 0, 1.0]
[2] [[2]] 0.89338565
[0.5, 0, 0.5]
[0, 2] [[0], [2]] 0.8940583
[0, 0.5, 0.5]
[1, 2] [[1], [2]] 0.892713
[0.3333333333333333, 0.3333333333333333, 0.3333333333333333]
[0, 1, 2] [[0], [1], [2]] 0.89338565
[0.7961323385437331, -0.04372199873129527, 0.04097530742486317]
[[0], [1], [2]]
round 42, loss=74.06583404541016
server time: 20.21156334877014
local train time: 5.9086689949035645
learning rate:  0.0010775263664305832
[[0], [1], [2]]
[0, 0, 0]
[] [] 0.89338565
[1.0, 0, 0]
[0] [[0]] 0.8955157
[0, 1.0, 0]
[1] [[1]] 0.8928251
[0.5, 0.5, 0]
[0, 1] [[0], [1]] 0.89439464
[0, 0, 1.0]
[2] [[2]] 0.8939462
[0.5, 0, 0.5]
[0, 2] [[0], [2]] 0.8950673
[0, 0.5, 0.5]
[1, 2] [[1], [2]] 0.89327353
[0.3333333333333333, 0.3333333333333333, 0.3333333333333333]
[0, 1, 2] [[0], [1], [2]] 0.8941704
[0.7975897416472436, -0.044506743550300605, 0.04108740389347075]
[[0], [1], [2]]
round 43, loss=73.91487884521484
server time: 19.98980450630188
local train time: 5.9145286083221436
learning rate:  0.000969773729787525
[[0], [1], [2]]
[0, 0, 0]
[] [] 0.8941704
[1.0, 0, 0]
[0] [[0]] 0.8957399
[0, 1.0, 0]
[1] [[1]] 0.89338565
[0.5, 0.5, 0]
[0, 1] [[0], [1]] 0.8947309
[0, 0, 1.0]
[2] [[2]] 0.8940583
[0.5, 0, 0.5]
[0, 2] [[0], [2]] 0.8952915
[0, 0.5, 0.5]
[1, 2] [[1], [2]] 0.8936099
[0.3333333333333333, 0.3333333333333333, 0.3333333333333333]
[0, 1, 2] [[0], [1], [2]] 0.8950673
[0.799028458694617, -0.04508597155412039, 0.04112478593985238]
[[0], [1], [2]]
round 44, loss=73.78527069091797
server time: 19.942329168319702
local train time: 5.918673276901245
learning rate:  0.0008727963568087724
[[0], [1], [2]]
[0, 0, 0]
[] [] 0.8950673
[1.0, 0, 0]
[0] [[0]] 0.895852
[0, 1.0, 0]
[1] [[1]] 0.89383405
[0.5, 0.5, 0]
[0, 1] [[0], [1]] 0.8951794
[0, 0, 1.0]
[2] [[2]] 0.8946188
[0.5, 0, 0.5]
[0, 2] [[0], [2]] 0.8951794
[0, 0.5, 0.5]
[1, 2] [[1], [2]] 0.8940583
[0.3333333333333333, 0.3333333333333333, 0.3333333333333333]
[0, 1, 2] [[0], [1], [2]] 0.89495516
[0.7999066536625227, -0.04577731589476269, 0.04082581897576648]
[[0], [1], [2]]
round 45, loss=73.67367553710938
server time: 19.88525629043579
local train time: 5.928744872411092
learning rate:  0.0007855167211278952
[[0], [1], [2]]
[0, 0, 0]
[] [] 0.89495516
[1.0, 0, 0]
[0] [[0]] 0.8957399
[0, 1.0, 0]
[1] [[1]] 0.893722
[0.5, 0.5, 0]
[0, 1] [[0], [1]] 0.8955157
[0, 0, 1.0]
[2] [[2]] 0.8950673
[0.5, 0, 0.5]
[0, 2] [[0], [2]] 0.89540356
[0, 0.5, 0.5]
[1, 2] [[1], [2]] 0.89484304
[0.3333333333333333, 0.3333333333333333, 0.3333333333333333]
[0, 1, 2] [[0], [1], [2]] 0.8951794
[0.8006353502472242, -0.04633783797423046, 0.040881877144177736]
[[0], [1], [2]]
round 46, loss=73.57736206054688
server time: 20.051095247268677
local train time: 5.928738276163737
learning rate:  0.0007069650490151057
[[0], [1], [2]]
[0, 0, 0]
[] [] 0.8951794
[1.0, 0, 0]
[0] [[0]] 0.8957399
[0, 1.0, 0]
[1] [[1]] 0.89439464
[0.5, 0.5, 0]
[0, 1] [[0], [1]] 0.8956278
[0, 0, 1.0]
[2] [[2]] 0.8952915
[0.5, 0, 0.5]
[0, 2] [[0], [2]] 0.8957399
[0, 0.5, 0.5]
[1, 2] [[1], [2]] 0.89484304
[0.3333333333333333, 0.3333333333333333, 0.3333333333333333]
[0, 1, 2] [[0], [1], [2]] 0.8951794
[0.8012145683169365, -0.046879693865776076, 0.04084451496601103]
[[0], [1], [2]]
round 47, loss=73.4939956665039
server time: 20.064222812652588
local train time: 5.904982487360637
learning rate:  0.0006362685441135952
[[0], [1], [2]]
[0, 0, 0]
[] [] 0.8951794
[1.0, 0, 0]
[0] [[0]] 0.8957399
[0, 1.0, 0]
[1] [[1]] 0.89484304
[0.5, 0.5, 0]
[0, 1] [[0], [1]] 0.8956278
[0, 0, 1.0]
[2] [[2]] 0.8957399
[0.5, 0, 0.5]
[0, 2] [[0], [2]] 0.895852
[0, 0.5, 0.5]
[1, 2] [[1], [2]] 0.89495516
[0.3333333333333333, 0.3333333333333333, 0.3333333333333333]
[0, 1, 2] [[0], [1], [2]] 0.8956278
[0.8017751003305117, -0.047216032942136145, 0.04106872777144112]
[[0], [1], [2]]
round 48, loss=73.42166137695312
server time: 19.72086215019226
local train time: 5.901931365331014
learning rate:  0.0005726416897022357
[[0], [1], [2]]
[0, 0, 0]
[] [] 0.8956278
[1.0, 0, 0]
[0] [[0]] 0.89540356
[0, 1.0, 0]
[1] [[1]] 0.89495516
[0.5, 0.5, 0]
[0, 1] [[0], [1]] 0.8955157
[0, 0, 1.0]
[2] [[2]] 0.89607626
[0.5, 0, 0.5]
[0, 2] [[0], [2]] 0.895852
[0, 0.5, 0.5]
[1, 2] [[1], [2]] 0.8955157
[0.3333333333333333, 0.3333333333333333, 0.3333333333333333]
[0, 1, 2] [[0], [1], [2]] 0.8957399
[0.8018311485648155, -0.04755236208438875, 0.04146112501621244]
[[0], [1], [2]]
round 49, loss=73.3587417602539
server time: 20.0106098651886
total_time: 1901.3903005123138
