392.0
784.0
60000
181
181
181
local train time: 5.850635687510173
learning rate:  0.1
[[0], [1], [2]]
[[0], [1], [2]]
round 0, loss=951.6585083007812
server time: 8.486740589141846
local train time: 5.850257317225139
learning rate:  0.09000000000000001
[[0], [1], [2]]
[0, 0, 0]
[] [] 0.1
[1.0, 0, 0]
[0] [[0]] 0.15896861
[0, 1.0, 0]
[1] [[1]] 0.171861
[0.5, 0.5, 0]
[0, 1] [[0], [1]] 0.16782512
[0, 0, 1.0]
[2] [[2]] 0.16670403
[0.5, 0, 0.5]
[0, 2] [[0], [2]] 0.1617713
[0, 0.5, 0.5]
[1, 2] [[1], [2]] 0.16748878
[0.3333333333333333, 0.3333333333333333, 0.3333333333333333]
[0, 1, 2] [[0], [1], [2]] 0.16401346
[0.017002994815508526, 0.026307928065458935, 0.020702535907427468]
[[0], [1], [2]]
round 1, loss=745.6062622070312
server time: 20.167726516723633
local train time: 5.850377718607585
learning rate:  0.08100000000000002
[[0], [1], [2]]
[0, 0, 0]
[] [] 0.16401346
[1.0, 0, 0]
[0] [[0]] 0.27544844
[0, 1.0, 0]
[1] [[1]] 0.2912556
[0.5, 0.5, 0]
[0, 1] [[0], [1]] 0.2865471
[0, 0, 1.0]
[2] [[2]] 0.29035875
[0.5, 0, 0.5]
[0, 2] [[0], [2]] 0.28744394
[0, 0.5, 0.5]
[1, 2] [[1], [2]] 0.29147983
[0.3333333333333333, 0.3333333333333333, 0.3333333333333333]
[0, 1, 2] [[0], [1], [2]] 0.28968608
[0.05227952202161154, 0.07150597621997198, 0.06590058406194052]
[[0], [1], [2]]
round 2, loss=587.86767578125
server time: 19.88429045677185
local train time: 5.861440340677897
learning rate:  0.07290000000000002
[[0], [1], [2]]
[0, 0, 0]
[] [] 0.28968608
[1.0, 0, 0]
[0] [[0]] 0.3674888
[0, 1.0, 0]
[1] [[1]] 0.38139012
[0.5, 0.5, 0]
[0, 1] [[0], [1]] 0.37443945
[0, 0, 1.0]
[2] [[2]] 0.39125562
[0.5, 0, 0.5]
[0, 2] [[0], [2]] 0.38150224
[0, 0.5, 0.5]
[1, 2] [[1], [2]] 0.3899103
[0.3333333333333333, 0.3333333333333333, 0.3333333333333333]
[0, 1, 2] [[0], [1], [2]] 0.38049328
[0.0722907433907191, 0.10267189393440884, 0.10553064445654552]
[[0], [1], [2]]
round 3, loss=496.2022399902344
server time: 19.824976205825806
local train time: 5.872015953063965
learning rate:  0.06561000000000002
[[0], [1], [2]]
[0, 0, 0]
[] [] 0.38049328
[1.0, 0, 0]
[0] [[0]] 0.42690584
[0, 1.0, 0]
[1] [[1]] 0.44192824
[0.5, 0.5, 0]
[0, 1] [[0], [1]] 0.43643498
[0, 0, 1.0]
[2] [[2]] 0.4497758
[0.5, 0, 0.5]
[0, 2] [[0], [2]] 0.44080716
[0, 0.5, 0.5]
[1, 2] [[1], [2]] 0.44630045
[0.3333333333333333, 0.3333333333333333, 0.3333333333333333]
[0, 1, 2] [[0], [1], [2]] 0.44159192
[0.08378177384535472, 0.12442076454559964, 0.1333893785874049]
[[0], [1], [2]]
round 4, loss=432.9667053222656
server time: 20.247347354888916
local train time: 5.878446340560913
learning rate:  0.05904900000000002
[[0], [1], [2]]
[0, 0, 0]
[] [] 0.44159192
[1.0, 0, 0]
[0] [[0]] 0.47903588
[0, 1.0, 0]
[1] [[1]] 0.485426
[0.5, 0.5, 0]
[0, 1] [[0], [1]] 0.48172647
[0, 0, 1.0]
[2] [[2]] 0.4883408
[0.5, 0, 0.5]
[0, 2] [[0], [2]] 0.48677132
[0, 0.5, 0.5]
[1, 2] [[1], [2]] 0.48800448
[0.3333333333333333, 0.3333333333333333, 0.3333333333333333]
[0, 1, 2] [[0], [1], [2]] 0.4856502
[0.09460017085075378, 0.13905080407857898, 0.15199923515319827]
[[0], [1], [2]]
round 5, loss=385.5222473144531
server time: 19.935003519058228
local train time: 5.889776150385539
learning rate:  0.05314410000000002
[[0], [1], [2]]
[0, 0, 0]
[] [] 0.4856502
[1.0, 0, 0]
[0] [[0]] 0.518722
[0, 1.0, 0]
[1] [[1]] 0.51423764
[0.5, 0.5, 0]
[0, 1] [[0], [1]] 0.51535875
[0, 0, 1.0]
[2] [[2]] 0.5186099
[0.5, 0, 0.5]
[0, 2] [[0], [2]] 0.51984304
[0, 0.5, 0.5]
[1, 2] [[1], [2]] 0.5170404
[0.3333333333333333, 0.3333333333333333, 0.3333333333333333]
[0, 1, 2] [[0], [1], [2]] 0.5176009
[0.10620331764221191, 0.14701043814420703, 0.1643871366977692]
[[0], [1], [2]]
round 6, loss=347.8542175292969
server time: 20.275726079940796
local train time: 5.87157956759135
learning rate:  0.04782969000000002
[[0], [1], [2]]
[0, 0, 0]
[] [] 0.5176009
[1.0, 0, 0]
[0] [[0]] 0.5523543
[0, 1.0, 0]
[1] [[1]] 0.53800446
[0.5, 0.5, 0]
[0, 1] [[0], [1]] 0.54473096
[0, 0, 1.0]
[2] [[2]] 0.5387892
[0.5, 0, 0.5]
[0, 2] [[0], [2]] 0.54652464
[0, 0.5, 0.5]
[1, 2] [[1], [2]] 0.5399103
[0.3333333333333333, 0.3333333333333333, 0.3333333333333333]
[0, 1, 2] [[0], [1], [2]] 0.5441704
[0.1216181218624115, 0.15194316953420642, 0.1706090867519379]
[[0], [1], [2]]
round 7, loss=316.6615905761719
server time: 20.29842758178711
local train time: 5.870383580525716
learning rate:  0.043046721000000024
[[0], [1], [2]]
[0, 0, 0]
[] [] 0.5441704
[1.0, 0, 0]
[0] [[0]] 0.5831839
[0, 1.0, 0]
[1] [[1]] 0.56132287
[0.5, 0.5, 0]
[0, 1] [[0], [1]] 0.5726457
[0, 0, 1.0]
[2] [[2]] 0.5576233
[0.5, 0, 0.5]
[0, 2] [[0], [2]] 0.5704036
[0, 0.5, 0.5]
[1, 2] [[1], [2]] 0.5609865
[0.3333333333333333, 0.3333333333333333, 0.3333333333333333]
[0, 1, 2] [[0], [1], [2]] 0.5686099
[0.14118093252182007, 0.15586694329977038, 0.17156201601028445]
[[0], [1], [2]]
round 8, loss=290.013916015625
server time: 20.031049489974976
local train time: 5.852040608723958
learning rate:  0.03874204890000002
[[0], [1], [2]]
[0, 0, 0]
[] [] 0.5686099
[1.0, 0, 0]
[0] [[0]] 0.6102018
[0, 1.0, 0]
[1] [[1]] 0.58329594
[0.5, 0.5, 0]
[0, 1] [[0], [1]] 0.596861
[0, 0, 1.0]
[2] [[2]] 0.57724214
[0.5, 0, 0.5]
[0, 2] [[0], [2]] 0.59316146
[0, 0.5, 0.5]
[1, 2] [[1], [2]] 0.5810538
[0.3333333333333333, 0.3333333333333333, 0.3333333333333333]
[0, 1, 2] [[0], [1], [2]] 0.5908072
[0.16321009397506714, 0.15838935226202014, 0.16920775175094607]
[[0], [1], [2]]
round 9, loss=266.73486328125
server time: 19.727419137954712
local train time: 5.856883446375529
learning rate:  0.03486784401000002
[[0], [1], [2]]
[0, 0, 0]
[] [] 0.5908072
[1.0, 0, 0]
[0] [[0]] 0.6366592
[0, 1.0, 0]
[1] [[1]] 0.6022422
[0.5, 0.5, 0]
[0, 1] [[0], [1]] 0.6190583
[0, 0, 1.0]
[2] [[2]] 0.59450674
[0.5, 0, 0.5]
[0, 2] [[0], [2]] 0.6150224
[0, 0.5, 0.5]
[1, 2] [[1], [2]] 0.59753364
[0.3333333333333333, 0.3333333333333333, 0.3333333333333333]
[0, 1, 2] [[0], [1], [2]] 0.6115471
[0.18938722213109335, 0.1586135750015577, 0.1635463138421377]
[[0], [1], [2]]
round 10, loss=246.08477783203125
server time: 19.726754188537598
local train time: 5.856199582417806
learning rate:  0.03138105960900001
[[0], [1], [2]]
[0, 0, 0]
[] [] 0.6115471
[1.0, 0, 0]
[0] [[0]] 0.6628924
[0, 1.0, 0]
[1] [[1]] 0.6214126
[0.5, 0.5, 0]
[0, 1] [[0], [1]] 0.64226454
[0, 0, 1.0]
[2] [[2]] 0.61255604
[0.5, 0, 0.5]
[0, 2] [[0], [2]] 0.6367713
[0, 0.5, 0.5]
[1, 2] [[1], [2]] 0.6176009
[0.3333333333333333, 0.3333333333333333, 0.3333333333333333]
[0, 1, 2] [[0], [1], [2]] 0.6320628
[0.2188341518243154, 0.1577353899677595, 0.15549324949582422]
[[0], [1], [2]]
round 11, loss=227.5825653076172
server time: 19.91807770729065
local train time: 5.829554160435994
learning rate:  0.028242953648100012
[[0], [1], [2]]
[0, 0, 0]
[] [] 0.6320628
[1.0, 0, 0]
[0] [[0]] 0.687444
[0, 1.0, 0]
[1] [[1]] 0.6410314
[0.5, 0.5, 0]
[0, 1] [[0], [1]] 0.6628924
[0, 0, 1.0]
[2] [[2]] 0.6275785
[0.5, 0, 0.5]
[0, 2] [[0], [2]] 0.65683854
[0, 0.5, 0.5]
[1, 2] [[1], [2]] 0.63475335
[0.3333333333333333, 0.3333333333333333, 0.3333333333333333]
[0, 1, 2] [[0], [1], [2]] 0.65044844
[0.25104641914367676, 0.15569876879453662, 0.1437032520771027]
[[0], [1], [2]]
round 12, loss=210.9044952392578
server time: 19.787122011184692
local train time: 5.897585391998291
learning rate:  0.025418658283290013
[[0], [1], [2]]
[0, 0, 0]
[] [] 0.65044844
[1.0, 0, 0]
[0] [[0]] 0.7132287
[0, 1.0, 0]
[1] [[1]] 0.6587444
[0.5, 0.5, 0]
[0, 1] [[0], [1]] 0.6859865
[0, 0, 1.0]
[2] [[2]] 0.64607626
[0.5, 0, 0.5]
[0, 2] [[0], [2]] 0.68060535
[0, 0.5, 0.5]
[1, 2] [[1], [2]] 0.6517937
[0.3333333333333333, 0.3333333333333333, 0.3333333333333333]
[0, 1, 2] [[0], [1], [2]] 0.67107624
[0.28869588176409405, 0.15170026073853177, 0.1306800941626231]
[[0], [1], [2]]
round 13, loss=195.82269287109375
server time: 19.899471044540405
local train time: 5.857234477996826
learning rate:  0.022876792454961013
[[0], [1], [2]]
[0, 0, 0]
[] [] 0.67107624
[1.0, 0, 0]
[0] [[0]] 0.73733187
[0, 1.0, 0]
[1] [[1]] 0.67914796
[0.5, 0.5, 0]
[0, 1] [[0], [1]] 0.707287
[0, 0, 1.0]
[2] [[2]] 0.6628924
[0.5, 0, 0.5]
[0, 2] [[0], [2]] 0.70044845
[0, 0.5, 0.5]
[1, 2] [[1], [2]] 0.67163676
[0.3333333333333333, 0.3333333333333333, 0.3333333333333333]
[0, 1, 2] [[0], [1], [2]] 0.69338566
[0.3289799094200134, 0.1484864875674248, 0.11591926217079164]
[[0], [1], [2]]
round 14, loss=182.1688232421875
server time: 20.032650470733643
local train time: 5.8643020788828535
learning rate:  0.020589113209464913
[[0], [1], [2]]
[0, 0, 0]
[] [] 0.69338566
[1.0, 0, 0]
[0] [[0]] 0.7587444
[0, 1.0, 0]
[1] [[1]] 0.7006726
[0.5, 0.5, 0]
[0, 1] [[0], [1]] 0.7302691
[0, 0, 1.0]
[2] [[2]] 0.6808296
[0.5, 0, 0.5]
[0, 2] [[0], [2]] 0.7201794
[0, 0.5, 0.5]
[1, 2] [[1], [2]] 0.6913677
[0.3333333333333333, 0.3333333333333333, 0.3333333333333333]
[0, 1, 2] [[0], [1], [2]] 0.7117713
[0.36905841032663983, 0.14512324581543606, 0.09758965174357098]
[[0], [1], [2]]
round 15, loss=169.81251525878906
server time: 19.791666507720947
local train time: 5.851164102554321
learning rate:  0.01853020188851842
[[0], [1], [2]]
[0, 0, 0]
[] [] 0.7117713
[1.0, 0, 0]
[0] [[0]] 0.77993274
[0, 1.0, 0]
[1] [[1]] 0.7188341
[0.5, 0.5, 0]
[0, 1] [[0], [1]] 0.7513453
[0, 0, 1.0]
[2] [[2]] 0.70044845
[0.5, 0, 0.5]
[0, 2] [[0], [2]] 0.74327356
[0, 0.5, 0.5]
[1, 2] [[1], [2]] 0.70986545
[0.3333333333333333, 0.3333333333333333, 0.3333333333333333]
[0, 1, 2] [[0], [1], [2]] 0.7358744
[0.4130045870939891, 0.14181605229775113, 0.08105377356211346]
[[0], [1], [2]]
round 16, loss=158.64796447753906
server time: 19.913408041000366
local train time: 5.845046838124593
learning rate:  0.01667718169966658
[[0], [1], [2]]
[0, 0, 0]
[] [] 0.7358744
[1.0, 0, 0]
[0] [[0]] 0.7984305
[0, 1.0, 0]
[1] [[1]] 0.7374439
[0.5, 0.5, 0]
[0, 1] [[0], [1]] 0.77186096
[0, 0, 1.0]
[2] [[2]] 0.7178251
[0.5, 0, 0.5]
[0, 2] [[0], [2]] 0.76266813
[0, 0.5, 0.5]
[1, 2] [[1], [2]] 0.72869956
[0.3333333333333333, 0.3333333333333333, 0.3333333333333333]
[0, 1, 2] [[0], [1], [2]] 0.754148
[0.455549438794454, 0.1368833308418592, 0.06171523531277977]
[[0], [1], [2]]
round 17, loss=148.58628845214844
server time: 19.739388704299927
local train time: 5.857052485148112
learning rate:  0.015009463529699923
[[0], [1], [2]]
[0, 0, 0]
[] [] 0.754148
[1.0, 0, 0]
[0] [[0]] 0.8128924
[0, 1.0, 0]
[1] [[1]] 0.7576233
[0.5, 0.5, 0]
[0, 1] [[0], [1]] 0.7883408
[0, 0, 1.0]
[2] [[2]] 0.73766816
[0.5, 0, 0.5]
[0, 2] [[0], [2]] 0.78183854
[0, 0.5, 0.5]
[1, 2] [[1], [2]] 0.7484305
[0.3333333333333333, 0.3333333333333333, 0.3333333333333333]
[0, 1, 2] [[0], [1], [2]] 0.7746637
[0.49635660648345953, 0.13335194438695908, 0.044955134391784696]
[[0], [1], [2]]
round 18, loss=139.54859924316406
server time: 20.267974138259888
local train time: 5.850179513295491
learning rate:  0.013508517176729932
[[0], [1], [2]]
[0, 0, 0]
[] [] 0.7746637
[1.0, 0, 0]
[0] [[0]] 0.82421523
[0, 1.0, 0]
[1] [[1]] 0.7748879
[0.5, 0.5, 0]
[0, 1] [[0], [1]] 0.8029148
[0, 0, 1.0]
[2] [[2]] 0.75840807
[0.5, 0, 0.5]
[0, 2] [[0], [2]] 0.795852
[0, 0.5, 0.5]
[1, 2] [[1], [2]] 0.76647985
[0.3333333333333333, 0.3333333333333333, 0.3333333333333333]
[0, 1, 2] [[0], [1], [2]] 0.7908072
[0.5318947037061056, 0.12954030682643256, 0.029372175534566274]
[[0], [1], [2]]
round 19, loss=131.4624786376953
server time: 19.895418882369995
local train time: 5.8802188237508135
learning rate:  0.01215766545905694
[[0], [1], [2]]
[0, 0, 0]
[] [] 0.7908072
[1.0, 0, 0]
[0] [[0]] 0.8365471
[0, 1.0, 0]
[1] [[1]] 0.79058295
[0.5, 0.5, 0]
[0, 1] [[0], [1]] 0.81412554
[0, 0, 1.0]
[2] [[2]] 0.7747758
[0.5, 0, 0.5]
[0, 2] [[0], [2]] 0.80941707
[0, 0.5, 0.5]
[1, 2] [[1], [2]] 0.7831839
[0.3333333333333333, 0.3333333333333333, 0.3333333333333333]
[0, 1, 2] [[0], [1], [2]] 0.8039238
[0.5637519458929698, 0.12529888997475308, 0.014872948328654]
[[0], [1], [2]]
round 20, loss=124.2586669921875
server time: 19.82313084602356
local train time: 5.864930152893066
learning rate:  0.010941898913151246
[[0], [1], [2]]
[0, 0, 0]
[] [] 0.8039238
[1.0, 0, 0]
[0] [[0]] 0.8454036
[0, 1.0, 0]
[1] [[1]] 0.80358744
[0.5, 0.5, 0]
[0, 1] [[0], [1]] 0.8266816
[0, 0, 1.0]
[2] [[2]] 0.78912556
[0.5, 0, 0.5]
[0, 2] [[0], [2]] 0.8206278
[0, 0.5, 0.5]
[1, 2] [[1], [2]] 0.79652464
[0.3333333333333333, 0.3333333333333333, 0.3333333333333333]
[0, 1, 2] [[0], [1], [2]] 0.81479824
[0.5927691558996837, 0.12135643015305203, 0.0006726483503977729]
[[0], [1], [2]]
round 21, loss=117.8701400756836
server time: 20.162089347839355
local train time: 5.858355601628621
learning rate:  0.009847709021836121
[[0], [1], [2]]
[0, 0, 0]
[] [] 0.81479824
[1.0, 0, 0]
[0] [[0]] 0.85347533
[0, 1.0, 0]
[1] [[1]] 0.8154709
[0.5, 0.5, 0]
[0, 1] [[0], [1]] 0.83632284
[0, 0, 1.0]
[2] [[2]] 0.8029148
[0.5, 0, 0.5]
[0, 2] [[0], [2]] 0.8297085
[0, 0.5, 0.5]
[1, 2] [[1], [2]] 0.8106502
[0.3333333333333333, 0.3333333333333333, 0.3333333333333333]
[0, 1, 2] [[0], [1], [2]] 0.8252242
[0.6184604664643606, 0.1185163681705793, -0.011752615372339856]
[[0], [1], [2]]
round 22, loss=112.23091888427734
server time: 19.566603660583496
local train time: 5.859834750493367
learning rate:  0.00886293811965251
[[0], [1], [2]]
[0, 0, 0]
[] [] 0.8252242
[1.0, 0, 0]
[0] [[0]] 0.86109865
[0, 1.0, 0]
[1] [[1]] 0.828139
[0.5, 0.5, 0]
[0, 1] [[0], [1]] 0.84607625
[0, 0, 1.0]
[2] [[2]] 0.81535876
[0.5, 0, 0.5]
[0, 2] [[0], [2]] 0.839574
[0, 0.5, 0.5]
[1, 2] [[1], [2]] 0.8207399
[0.3333333333333333, 0.3333333333333333, 0.3333333333333333]
[0, 1, 2] [[0], [1], [2]] 0.8356502
[0.6424141128857931, 0.1165731673439344, -0.023337076107660903]
[[0], [1], [2]]
round 23, loss=107.2760009765625
server time: 19.92791438102722
local train time: 5.824202140172322
learning rate:  0.007976644307687259
[[0], [1], [2]]
[0, 0, 0]
[] [] 0.8356502
[1.0, 0, 0]
[0] [[0]] 0.86670405
[0, 1.0, 0]
[1] [[1]] 0.83744395
[0.5, 0.5, 0]
[0, 1] [[0], [1]] 0.85392374
[0, 0, 1.0]
[2] [[2]] 0.82443947
[0.5, 0, 0.5]
[0, 2] [[0], [2]] 0.84798205
[0, 0.5, 0.5]
[1, 2] [[1], [2]] 0.8301569
[0.3333333333333333, 0.3333333333333333, 0.3333333333333333]
[0, 1, 2] [[0], [1], [2]] 0.8447309
[0.6642937858899435, 0.11491022755702339, -0.0344731012980143]
[[0], [1], [2]]
round 24, loss=102.9415283203125
server time: 19.654380321502686
local train time: 5.8629686037699384
learning rate:  0.007178979876918534
[[0], [1], [2]]
[0, 0, 0]
[] [] 0.8447309
[1.0, 0, 0]
[0] [[0]] 0.87230945
[0, 1.0, 0]
[1] [[1]] 0.84495515
[0.5, 0.5, 0]
[0, 1] [[0], [1]] 0.8618834
[0, 0, 1.0]
[2] [[2]] 0.8338565
[0.5, 0, 0.5]
[0, 2] [[0], [2]] 0.8559417
[0, 0.5, 0.5]
[1, 2] [[1], [2]] 0.8413677
[0.3333333333333333, 0.3333333333333333, 0.3333333333333333]
[0, 1, 2] [[0], [1], [2]] 0.8523543
[0.6836510598659515, 0.1133033558726311, -0.044600129127502414]
[[0], [1], [2]]
round 25, loss=99.16503143310547
server time: 19.984700918197632
local train time: 5.864482561747233
learning rate:  0.006461081889226681
[[0], [1], [2]]
[0, 0, 0]
[] [] 0.8523543
[1.0, 0, 0]
[0] [[0]] 0.87466365
[0, 1.0, 0]
[1] [[1]] 0.85313904
[0.5, 0.5, 0]
[0, 1] [[0], [1]] 0.8661435
[0, 0, 1.0]
[2] [[2]] 0.84316146
[0.5, 0, 0.5]
[0, 2] [[0], [2]] 0.86165917
[0, 0.5, 0.5]
[1, 2] [[1], [2]] 0.8487668
[0.3333333333333333, 0.3333333333333333, 0.3333333333333333]
[0, 1, 2] [[0], [1], [2]] 0.8597534
[0.7000000675519308, 0.11244387676318489, -0.05269057552019753]
[[0], [1], [2]]
round 26, loss=95.88687133789062
server time: 19.849968910217285
local train time: 5.890078941980998
learning rate:  0.005814973700304013
[[0], [1], [2]]
[0, 0, 0]
[] [] 0.8597534
[1.0, 0, 0]
[0] [[0]] 0.87679374
[0, 1.0, 0]
[1] [[1]] 0.859417
[0.5, 0.5, 0]
[0, 1] [[0], [1]] 0.87017936
[0, 0, 1.0]
[2] [[2]] 0.8513453
[0.5, 0, 0.5]
[0, 2] [[0], [2]] 0.86715245
[0, 0.5, 0.5]
[1, 2] [[1], [2]] 0.8557175
[0.3333333333333333, 0.3333333333333333, 0.3333333333333333]
[0, 1, 2] [[0], [1], [2]] 0.8654708
[0.713359554608663, 0.1113975172241529, -0.05928624669710793]
[[0], [1], [2]]
round 27, loss=93.05052947998047
server time: 19.892895698547363
local train time: 5.875217278798421
learning rate:  0.005233476330273611
[[0], [1], [2]]
[0, 0, 0]
[] [] 0.8654708
[1.0, 0, 0]
[0] [[0]] 0.87881166
[0, 1.0, 0]
[1] [[1]] 0.8646861
[0.5, 0.5, 0]
[0, 1] [[0], [1]] 0.87264574
[0, 0, 1.0]
[2] [[2]] 0.8571749
[0.5, 0, 0.5]
[0, 2] [[0], [2]] 0.870852
[0, 0.5, 0.5]
[1, 2] [[1], [2]] 0.86076236
[0.3333333333333333, 0.3333333333333333, 0.3333333333333333]
[0, 1, 2] [[0], [1], [2]] 0.8692825
[0.7242526710033417, 0.11018302291631701, -0.06515321135520932]
[[0], [1], [2]]
round 28, loss=90.60372924804688
server time: 20.032260179519653
local train time: 5.89342721303304
learning rate:  0.00471012869724625
[[0], [1], [2]]
[0, 0, 0]
[] [] 0.8692825
[1.0, 0, 0]
[0] [[0]] 0.8810538
[0, 1.0, 0]
[1] [[1]] 0.8695067
[0.5, 0.5, 0]
[0, 1] [[0], [1]] 0.876009
[0, 0, 1.0]
[2] [[2]] 0.86076236
[0.5, 0, 0.5]
[0, 2] [[0], [2]] 0.873991
[0, 0.5, 0.5]
[1, 2] [[1], [2]] 0.8659193
[0.3333333333333333, 0.3333333333333333, 0.3333333333333333]
[0, 1, 2] [[0], [1], [2]] 0.87275785
[0.7337444523970286, 0.10986539969841642, -0.07085200150807695]
[[0], [1], [2]]
round 29, loss=88.4986572265625
server time: 19.709622144699097
local train time: 5.842427174250285
learning rate:  0.004239115827521626
[[0], [1], [2]]
[0, 0, 0]
[] [] 0.87275785
[1.0, 0, 0]
[0] [[0]] 0.8826233
[0, 1.0, 0]
[1] [[1]] 0.87230945
[0.5, 0.5, 0]
[0, 1] [[0], [1]] 0.87769055
[0, 0, 1.0]
[2] [[2]] 0.86681616
[0.5, 0, 0.5]
[0, 2] [[0], [2]] 0.8761211
[0, 0.5, 0.5]
[1, 2] [[1], [2]] 0.8705157
[0.3333333333333333, 0.3333333333333333, 0.3333333333333333]
[0, 1, 2] [[0], [1], [2]] 0.87522423
[0.741050124168396, 0.10921143740415576, -0.0750373303890228]
[[0], [1], [2]]
round 30, loss=86.69210815429688
server time: 19.944145679473877
local train time: 5.857092618942261
learning rate:  0.0038152042447694634
[[0], [1], [2]]
[0, 0, 0]
[] [] 0.87522423
[1.0, 0, 0]
[0] [[0]] 0.88486546
[0, 1.0, 0]
[1] [[1]] 0.8744395
[0.5, 0.5, 0]
[0, 1] [[0], [1]] 0.8800448
[0, 0, 1.0]
[2] [[2]] 0.87174886
[0.5, 0, 0.5]
[0, 2] [[0], [2]] 0.8789238
[0, 0.5, 0.5]
[1, 2] [[1], [2]] 0.8734305
[0.3333333333333333, 0.3333333333333333, 0.3333333333333333]
[0, 1, 2] [[0], [1], [2]] 0.87825114
[0.7480007906754812, 0.10820246984561287, -0.07795212666193642]
[[0], [1], [2]]
round 31, loss=85.14539337158203
server time: 19.827829837799072
local train time: 5.839002052942912
learning rate:  0.003433683820292517
[[0], [1], [2]]
[0, 0, 0]
[] [] 0.87825114
[1.0, 0, 0]
[0] [[0]] 0.88598657
[0, 1.0, 0]
[1] [[1]] 0.8761211
[0.5, 0.5, 0]
[0, 1] [[0], [1]] 0.88183856
[0, 0, 1.0]
[2] [[2]] 0.87522423
[0.5, 0, 0.5]
[0, 2] [[0], [2]] 0.8810538
[0, 0.5, 0.5]
[1, 2] [[1], [2]] 0.87690586
[0.3333333333333333, 0.3333333333333333, 0.3333333333333333]
[0, 1, 2] [[0], [1], [2]] 0.8797085
[0.7534379959106445, 0.10663297027349475, -0.08036243915557859]
[[0], [1], [2]]
round 32, loss=83.8240737915039
server time: 20.064208030700684
local train time: 5.877253452936809
learning rate:  0.0030903154382632653
[[0], [1], [2]]
[0, 0, 0]
[] [] 0.8797085
[1.0, 0, 0]
[0] [[0]] 0.8866592
[0, 1.0, 0]
[1] [[1]] 0.8793722
[0.5, 0.5, 0]
[0, 1] [[0], [1]] 0.88295966
[0, 0, 1.0]
[2] [[2]] 0.87724215
[0.5, 0, 0.5]
[0, 2] [[0], [2]] 0.8835202
[0, 0.5, 0.5]
[1, 2] [[1], [2]] 0.87869954
[0.3333333333333333, 0.3333333333333333, 0.3333333333333333]
[0, 1, 2] [[0], [1], [2]] 0.88183856
[0.7584454814592997, 0.10558662066857023, -0.0821935435136159]
[[0], [1], [2]]
round 33, loss=82.69757080078125
server time: 19.788432836532593
local train time: 5.904487609863281
learning rate:  0.002781283894436939
[[0], [1], [2]]
[0, 0, 0]
[] [] 0.88183856
[1.0, 0, 0]
[0] [[0]] 0.88733184
[0, 1.0, 0]
[1] [[1]] 0.88026905
[0.5, 0.5, 0]
[0, 1] [[0], [1]] 0.8839686
[0, 0, 1.0]
[2] [[2]] 0.87926006
[0.5, 0, 0.5]
[0, 2] [[0], [2]] 0.8840807
[0, 0.5, 0.5]
[1, 2] [[1], [2]] 0.88026905
[0.3333333333333333, 0.3333333333333333, 0.3333333333333333]
[0, 1, 2] [[0], [1], [2]] 0.88318384
[0.7626682023207346, 0.10437211642662687, -0.0838564833005269]
[[0], [1], [2]]
round 34, loss=81.73889923095703
server time: 19.95325493812561
local train time: 5.88336714108785
learning rate:  0.002503155504993245
[[0], [1], [2]]
[0, 0, 0]
[] [] 0.88318384
[1.0, 0, 0]
[0] [[0]] 0.8886771
[0, 1.0, 0]
[1] [[1]] 0.8820628
[0.5, 0.5, 0]
[0, 1] [[0], [1]] 0.8856502
[0, 0, 1.0]
[2] [[2]] 0.88183856
[0.5, 0, 0.5]
[0, 2] [[0], [2]] 0.8856502
[0, 0.5, 0.5]
[1, 2] [[1], [2]] 0.8821749
[0.3333333333333333, 0.3333333333333333, 0.3333333333333333]
[0, 1, 2] [[0], [1], [2]] 0.88430494
[0.7664424876372019, 0.10310158381859465, -0.08523913224538164]
[[0], [1], [2]]
round 35, loss=80.92423248291016
server time: 20.03129553794861
local train time: 5.827139218648274
learning rate:  0.0022528399544939205
[[0], [1], [2]]
[0, 0, 0]
[] [] 0.88430494
[1.0, 0, 0]
[0] [[0]] 0.88923764
[0, 1.0, 0]
[1] [[1]] 0.8830717
[0.5, 0.5, 0]
[0, 1] [[0], [1]] 0.88621074
[0, 0, 1.0]
[2] [[2]] 0.8830717
[0.5, 0, 0.5]
[0, 2] [[0], [2]] 0.8867713
[0, 0.5, 0.5]
[1, 2] [[1], [2]] 0.8835202
[0.3333333333333333, 0.3333333333333333, 0.3333333333333333]
[0, 1, 2] [[0], [1], [2]] 0.8856502
[0.7699365019798279, 0.10188706964254382, -0.08617335557937619]
[[0], [1], [2]]
round 36, loss=80.23274230957031
server time: 19.647895097732544
local train time: 5.827807426452637
learning rate:  0.0020275559590445286
[[0], [1], [2]]
[0, 0, 0]
[] [] 0.8856502
[1.0, 0, 0]
[0] [[0]] 0.8901345
[0, 1.0, 0]
[1] [[1]] 0.88475335
[0.5, 0.5, 0]
[0, 1] [[0], [1]] 0.8867713
[0, 0, 1.0]
[2] [[2]] 0.88486546
[0.5, 0, 0.5]
[0, 2] [[0], [2]] 0.88688344
[0, 0.5, 0.5]
[1, 2] [[1], [2]] 0.8852018
[0.3333333333333333, 0.3333333333333333, 0.3333333333333333]
[0, 1, 2] [[0], [1], [2]] 0.886435
[0.7725149790445963, 0.10093415031830473, -0.08701415856679277]
[[0], [1], [2]]
round 37, loss=79.6462173461914
server time: 19.92415952682495
local train time: 5.8576531410217285
learning rate:  0.0018248003631400759
[[0], [1], [2]]
[0, 0, 0]
[] [] 0.886435
[1.0, 0, 0]
[0] [[0]] 0.8901345
[0, 1.0, 0]
[1] [[1]] 0.88587445
[0.5, 0.5, 0]
[0, 1] [[0], [1]] 0.88789237
[0, 0, 1.0]
[2] [[2]] 0.88587445
[0.5, 0, 0.5]
[0, 2] [[0], [2]] 0.88834083
[0, 0.5, 0.5]
[1, 2] [[1], [2]] 0.88632286
[0.3333333333333333, 0.3333333333333333, 0.3333333333333333]
[0, 1, 2] [[0], [1], [2]] 0.88766813
[0.7749439676602681, 0.10022411992152536, -0.08749995628992713]
[[0], [1], [2]]
round 38, loss=79.14887237548828
server time: 19.791738748550415
local train time: 5.881165186564128
learning rate:  0.0016423203268260682
[[0], [1], [2]]
[0, 0, 0]
[] [] 0.88766813
[1.0, 0, 0]
[0] [[0]] 0.8902466
[0, 1.0, 0]
[1] [[1]] 0.8872197
[0.5, 0.5, 0]
[0, 1] [[0], [1]] 0.88878924
[0, 0, 1.0]
[2] [[2]] 0.8875561
[0.5, 0, 0.5]
[0, 2] [[0], [2]] 0.8884529
[0, 0.5, 0.5]
[1, 2] [[1], [2]] 0.8872197
[0.3333333333333333, 0.3333333333333333, 0.3333333333333333]
[0, 1, 2] [[0], [1], [2]] 0.888565
[0.7766629457473754, 0.09981306642293934, -0.08791100978851314]
[[0], [1], [2]]
round 39, loss=78.7270278930664
server time: 19.92146348953247
local train time: 5.850813388824463
learning rate:  0.0014780882941434613
[[0], [1], [2]]
[0, 0, 0]
[] [] 0.888565
[1.0, 0, 0]
[0] [[0]] 0.89080715
[0, 1.0, 0]
[1] [[1]] 0.8869955
[0.5, 0.5, 0]
[0, 1] [[0], [1]] 0.88923764
[0, 0, 1.0]
[2] [[2]] 0.8881166
[0.5, 0, 0.5]
[0, 2] [[0], [2]] 0.889574
[0, 0.5, 0.5]
[1, 2] [[1], [2]] 0.88766813
[0.3333333333333333, 0.3333333333333333, 0.3333333333333333]
[0, 1, 2] [[0], [1], [2]] 0.88901347
[0.7784753640492756, 0.09876672675212228, -0.08822862307230628]
[[0], [1], [2]]
round 40, loss=78.36902618408203
server time: 19.989661693572998
local train time: 5.884087959925334
learning rate:  0.0013302794647291152
[[0], [1], [2]]
[0, 0, 0]
[] [] 0.88901347
[1.0, 0, 0]
[0] [[0]] 0.89091927
[0, 1.0, 0]
[1] [[1]] 0.888565
[0.5, 0.5, 0]
[0, 1] [[0], [1]] 0.8901345
[0, 0, 1.0]
[2] [[2]] 0.888565
[0.5, 0, 0.5]
[0, 2] [[0], [2]] 0.8900224
[0, 0.5, 0.5]
[1, 2] [[1], [2]] 0.8884529
[0.3333333333333333, 0.3333333333333333, 0.3333333333333333]
[0, 1, 2] [[0], [1], [2]] 0.8894619
[0.7799514432748158, 0.09828091909488046, -0.08877048889795935]
[[0], [1], [2]]
round 41, loss=78.06490325927734
server time: 19.935786962509155
local train time: 5.88874363899231
learning rate:  0.0011972515182562037
[[0], [1], [2]]
[0, 0, 0]
[] [] 0.8894619
[1.0, 0, 0]
[0] [[0]] 0.89047086
[0, 1.0, 0]
[1] [[1]] 0.88878924
[0.5, 0.5, 0]
[0, 1] [[0], [1]] 0.8896861
[0, 0, 1.0]
[2] [[2]] 0.8891256
[0.5, 0, 0.5]
[0, 2] [[0], [2]] 0.8900224
[0, 0.5, 0.5]
[1, 2] [[1], [2]] 0.88890135
[0.3333333333333333, 0.3333333333333333, 0.3333333333333333]
[0, 1, 2] [[0], [1], [2]] 0.8901345
[0.7809977730115254, 0.09792591383059823, -0.08878917495409644]
[[0], [1], [2]]
round 42, loss=77.80620574951172
server time: 20.22328233718872
local train time: 5.874038616816203
learning rate:  0.0010775263664305832
[[0], [1], [2]]
[0, 0, 0]
[] [] 0.8901345
[1.0, 0, 0]
[0] [[0]] 0.89035875
[0, 1.0, 0]
[1] [[1]] 0.8891256
[0.5, 0.5, 0]
[0, 1] [[0], [1]] 0.8900224
[0, 0, 1.0]
[2] [[2]] 0.88901347
[0.5, 0, 0.5]
[0, 2] [[0], [2]] 0.89047086
[0, 0.5, 0.5]
[1, 2] [[1], [2]] 0.8896861
[0.3333333333333333, 0.3333333333333333, 0.3333333333333333]
[0, 1, 2] [[0], [1], [2]] 0.8900224
[0.7815769811471303, 0.09749616434176767, -0.08905074993769324]
[[0], [1], [2]]
round 43, loss=77.58575439453125
server time: 19.72184729576111
local train time: 5.813166220982869
learning rate:  0.000969773729787525
[[0], [1], [2]]
[0, 0, 0]
[] [] 0.8900224
[1.0, 0, 0]
[0] [[0]] 0.8912556
[0, 1.0, 0]
[1] [[1]] 0.88934976
[0.5, 0.5, 0]
[0, 1] [[0], [1]] 0.8902466
[0, 0, 1.0]
[2] [[2]] 0.88934976
[0.5, 0, 0.5]
[0, 2] [[0], [2]] 0.89080715
[0, 0.5, 0.5]
[1, 2] [[1], [2]] 0.889574
[0.3333333333333333, 0.3333333333333333, 0.3333333333333333]
[0, 1, 2] [[0], [1], [2]] 0.8900224
[0.7825299004713694, 0.09687957415978117, -0.08938707907994585]
[[0], [1], [2]]
round 44, loss=77.39751434326172
server time: 19.861276626586914
local train time: 5.838874260584514
learning rate:  0.0008727963568087724
[[0], [1], [2]]
[0, 0, 0]
[] [] 0.8900224
[1.0, 0, 0]
[0] [[0]] 0.891704
[0, 1.0, 0]
[1] [[1]] 0.8902466
[0.5, 0.5, 0]
[0, 1] [[0], [1]] 0.89035875
[0, 0, 1.0]
[2] [[2]] 0.88991034
[0.5, 0, 0.5]
[0, 2] [[0], [2]] 0.8902466
[0, 0.5, 0.5]
[1, 2] [[1], [2]] 0.8894619
[0.3333333333333333, 0.3333333333333333, 0.3333333333333333]
[0, 1, 2] [[0], [1], [2]] 0.8901345
[0.7833893895149231, 0.0966179892420769, -0.08987286686897275]
[[0], [1], [2]]
round 45, loss=77.23645782470703
server time: 19.75029683113098
local train time: 5.878641684850057
learning rate:  0.0007855167211278952
[[0], [1], [2]]
[0, 0, 0]
[] [] 0.8901345
[1.0, 0, 0]
[0] [[0]] 0.89181614
[0, 1.0, 0]
[1] [[1]] 0.89047086
[0.5, 0.5, 0]
[0, 1] [[0], [1]] 0.8906951
[0, 0, 1.0]
[2] [[2]] 0.8900224
[0.5, 0, 0.5]
[0, 2] [[0], [2]] 0.89047086
[0, 0.5, 0.5]
[1, 2] [[1], [2]] 0.8896861
[0.3333333333333333, 0.3333333333333333, 0.3333333333333333]
[0, 1, 2] [[0], [1], [2]] 0.89047086
[0.7843236327171326, 0.0964872166514397, -0.09033998847007749]
[[0], [1], [2]]
round 46, loss=77.09835052490234
server time: 19.922023057937622
local train time: 5.850288947423299
learning rate:  0.0007069650490151057
[[0], [1], [2]]
[0, 0, 0]
[] [] 0.89047086
[1.0, 0, 0]
[0] [[0]] 0.8915919
[0, 1.0, 0]
[1] [[1]] 0.8906951
[0.5, 0.5, 0]
[0, 1] [[0], [1]] 0.89091927
[0, 0, 1.0]
[2] [[2]] 0.8897982
[0.5, 0, 0.5]
[0, 2] [[0], [2]] 0.890583
[0, 0.5, 0.5]
[1, 2] [[1], [2]] 0.8901345
[0.3333333333333333, 0.3333333333333333, 0.3333333333333333]
[0, 1, 2] [[0], [1], [2]] 0.890583
[0.7850149571895599, 0.09650590270757678, -0.09093788266181943]
[[0], [1], [2]]
round 47, loss=76.9795913696289
server time: 19.64646291732788
local train time: 5.879055658976237
learning rate:  0.0006362685441135952
[[0], [1], [2]]
[0, 0, 0]
[] [] 0.890583
[1.0, 0, 0]
[0] [[0]] 0.8915919
[0, 1.0, 0]
[1] [[1]] 0.8906951
[0.5, 0.5, 0]
[0, 1] [[0], [1]] 0.8911435
[0, 0, 1.0]
[2] [[2]] 0.8902466
[0.5, 0, 0.5]
[0, 2] [[0], [2]] 0.89091927
[0, 0.5, 0.5]
[1, 2] [[1], [2]] 0.8906951
[0.3333333333333333, 0.3333333333333333, 0.3333333333333333]
[0, 1, 2] [[0], [1], [2]] 0.8906951
[0.7855381071567535, 0.096468560397625, -0.09131157398223874]
[[0], [1], [2]]
round 48, loss=76.87725067138672
server time: 19.758735418319702
local train time: 5.88427750269572
learning rate:  0.0005726416897022357
[[0], [1], [2]]
[0, 0, 0]
[] [] 0.8906951
[1.0, 0, 0]
[0] [[0]] 0.891704
[0, 1.0, 0]
[1] [[1]] 0.8910314
[0.5, 0.5, 0]
[0, 1] [[0], [1]] 0.8915919
[0, 0, 1.0]
[2] [[2]] 0.8906951
[0.5, 0, 0.5]
[0, 2] [[0], [2]] 0.8911435
[0, 0.5, 0.5]
[1, 2] [[1], [2]] 0.89091927
[0.3333333333333333, 0.3333333333333333, 0.3333333333333333]
[0, 1, 2] [[0], [1], [2]] 0.89080715
[0.7860051989555359, 0.0964872166514397, -0.09168526530265805]
[[0], [1], [2]]
round 49, loss=76.78881072998047
server time: 19.906517505645752
total_time: 1883.4885656833649
