261.3333333333333
522.6666666666666
60000
181
181
181
local train time: 5.8237331708272295
learning rate:  0.1
[[0], [1], [2]]
[[0], [1], [2]]
round 0, loss=834.6314086914062
server time: 7.985312223434448
local train time: 5.820413827896118
learning rate:  0.09000000000000001
[[0], [1], [2]]
[0, 0, 0]
[] [] 0.1
[1.0, 0, 0]
[0] [[0]] 0.16961883
[0, 1.0, 0]
[1] [[1]] 0.17937219
[0.5, 0.5, 0]
[0, 1] [[0], [1]] 0.17387892
[0, 0, 1.0]
[2] [[2]] 0.18587443
[0.5, 0, 0.5]
[0, 2] [[0], [2]] 0.18004484
[0, 0.5, 0.5]
[1, 2] [[1], [2]] 0.18251121
[0.3333333333333333, 0.3333333333333333, 0.3333333333333333]
[0, 1, 2] [[0], [1], [2]] 0.17892377
[0.020123320321242016, 0.02623318384091059, 0.032567265133062996]
[[0], [1], [2]]
round 1, loss=643.67431640625
server time: 19.80017352104187
local train time: 5.82218337059021
learning rate:  0.08100000000000002
[[0], [1], [2]]
[0, 0, 0]
[] [] 0.17892377
[1.0, 0, 0]
[0] [[0]] 0.29495516
[0, 1.0, 0]
[1] [[1]] 0.3013453
[0.5, 0.5, 0]
[0, 1] [[0], [1]] 0.29820627
[0, 0, 1.0]
[2] [[2]] 0.31816143
[0.5, 0, 0.5]
[0, 2] [[0], [2]] 0.30964124
[0, 0.5, 0.5]
[1, 2] [[1], [2]] 0.30952916
[0.3333333333333333, 0.3333333333333333, 0.3333333333333333]
[0, 1, 2] [[0], [1], [2]] 0.30683857
[0.055960389475027725, 0.06520927200714746, 0.08566890905300775]
[[0], [1], [2]]
round 2, loss=512.5620727539062
server time: 19.7417151927948
local train time: 5.819415330886841
learning rate:  0.07290000000000002
[[0], [1], [2]]
[0, 0, 0]
[] [] 0.30683857
[1.0, 0, 0]
[0] [[0]] 0.3840807
[0, 1.0, 0]
[1] [[1]] 0.38441703
[0.5, 0.5, 0]
[0, 1] [[0], [1]] 0.38419282
[0, 0, 1.0]
[2] [[2]] 0.40683857
[0.5, 0, 0.5]
[0, 2] [[0], [2]] 0.39596412
[0, 0.5, 0.5]
[1, 2] [[1], [2]] 0.39484304
[0.3333333333333333, 0.3333333333333333, 0.3333333333333333]
[0, 1, 2] [[0], [1], [2]] 0.39147982
[0.07873691866795222, 0.08759342382351556, 0.12514947603146234]
[[0], [1], [2]]
round 3, loss=434.379638671875
server time: 19.41517972946167
local train time: 5.823034683863322
learning rate:  0.06561000000000002
[[0], [1], [2]]
[0, 0, 0]
[] [] 0.39147982
[1.0, 0, 0]
[0] [[0]] 0.4470852
[0, 1.0, 0]
[1] [[1]] 0.4397982
[0.5, 0.5, 0]
[0, 1] [[0], [1]] 0.44215247
[0, 0, 1.0]
[2] [[2]] 0.4632287
[0.5, 0, 0.5]
[0, 2] [[0], [2]] 0.45369956
[0, 0.5, 0.5]
[1, 2] [[1], [2]] 0.45269057
[0.3333333333333333, 0.3333333333333333, 0.3333333333333333]
[0, 1, 2] [[0], [1], [2]] 0.4488789
[0.09480568021535873, 0.09951419383287428, 0.15455903857946396]
[[0], [1], [2]]
round 4, loss=380.5982971191406
server time: 19.721811532974243
local train time: 5.8569308916727705
learning rate:  0.05904900000000002
[[0], [1], [2]]
[0, 0, 0]
[] [] 0.4488789
[1.0, 0, 0]
[0] [[0]] 0.4954036
[0, 1.0, 0]
[1] [[1]] 0.4808296
[0.5, 0.5, 0]
[0, 1] [[0], [1]] 0.48979822
[0, 0, 1.0]
[2] [[2]] 0.50067264
[0.5, 0, 0.5]
[0, 2] [[0], [2]] 0.49988788
[0, 0.5, 0.5]
[1, 2] [[1], [2]] 0.49282512
[0.3333333333333333, 0.3333333333333333, 0.3333333333333333]
[0, 1, 2] [[0], [1], [2]] 0.49405828
[0.11208893607060115, 0.10597907255093256, 0.17599027107159296]
[[0], [1], [2]]
round 5, loss=340.1325988769531
server time: 19.68007802963257
local train time: 5.87877623240153
learning rate:  0.05314410000000002
[[0], [1], [2]]
[0, 0, 0]
[] [] 0.49405828
[1.0, 0, 0]
[0] [[0]] 0.53340805
[0, 1.0, 0]
[1] [[1]] 0.51233184
[0.5, 0.5, 0]
[0, 1] [[0], [1]] 0.52152467
[0, 0, 1.0]
[2] [[2]] 0.5279148
[0.5, 0, 0.5]
[0, 2] [[0], [2]] 0.52948433
[0, 0.5, 0.5]
[1, 2] [[1], [2]] 0.5202915
[0.3333333333333333, 0.3333333333333333, 0.3333333333333333]
[0, 1, 2] [[0], [1], [2]] 0.52443945
[0.12838189552227658, 0.10713751862446466, 0.18892003844181696]
[[0], [1], [2]]
round 6, loss=307.6554870605469
server time: 19.66330075263977
local train time: 5.876120567321777
learning rate:  0.04782969000000002
[[0], [1], [2]]
[0, 0, 0]
[] [] 0.52443945
[1.0, 0, 0]
[0] [[0]] 0.56726456
[0, 1.0, 0]
[1] [[1]] 0.53598654
[0.5, 0.5, 0]
[0, 1] [[0], [1]] 0.5514574
[0, 0, 1.0]
[2] [[2]] 0.5488789
[0.5, 0, 0.5]
[0, 2] [[0], [2]] 0.55818385
[0, 0.5, 0.5]
[1, 2] [[1], [2]] 0.5422646
[0.3333333333333333, 0.3333333333333333, 0.3333333333333333]
[0, 1, 2] [[0], [1], [2]] 0.55100894
[0.1497010166446368, 0.10485799858967462, 0.19644992301861444]
[[0], [1], [2]]
round 7, loss=280.3933410644531
server time: 19.855145692825317
local train time: 5.856532017389934
learning rate:  0.043046721000000024
[[0], [1], [2]]
[0, 0, 0]
[] [] 0.55100894
[1.0, 0, 0]
[0] [[0]] 0.5951794
[0, 1.0, 0]
[1] [[1]] 0.5579596
[0.5, 0.5, 0]
[0, 1] [[0], [1]] 0.5764574
[0, 0, 1.0]
[2] [[2]] 0.5690583
[0.5, 0, 0.5]
[0, 2] [[0], [2]] 0.58329594
[0, 0.5, 0.5]
[1, 2] [[1], [2]] 0.5633408
[0.3333333333333333, 0.3333333333333333, 0.3333333333333333]
[0, 1, 2] [[0], [1], [2]] 0.5746637
[0.17365470280249914, 0.10022422422965367, 0.20078477015097934]
[[0], [1], [2]]
round 8, loss=256.8068542480469
server time: 19.475140810012817
local train time: 5.856537977854411
learning rate:  0.03874204890000002
[[0], [1], [2]]
[0, 0, 0]
[] [] 0.5746637
[1.0, 0, 0]
[0] [[0]] 0.6236547
[0, 1.0, 0]
[1] [[1]] 0.5792601
[0.5, 0.5, 0]
[0, 1] [[0], [1]] 0.60201794
[0, 0, 1.0]
[2] [[2]] 0.58890134
[0.5, 0, 0.5]
[0, 2] [[0], [2]] 0.6071749
[0, 0.5, 0.5]
[1, 2] [[1], [2]] 0.5843049
[0.3333333333333333, 0.3333333333333333, 0.3333333333333333]
[0, 1, 2] [[0], [1], [2]] 0.59899104
[0.201718973616759, 0.0946562166015307, 0.20261584470669428]
[[0], [1], [2]]
round 9, loss=236.0009765625
server time: 19.639286041259766
local train time: 5.8389871915181475
learning rate:  0.03486784401000002
[[0], [1], [2]]
[0, 0, 0]
[] [] 0.59899104
[1.0, 0, 0]
[0] [[0]] 0.65078473
[0, 1.0, 0]
[1] [[1]] 0.5998879
[0.5, 0.5, 0]
[0, 1] [[0], [1]] 0.6248879
[0, 0, 1.0]
[2] [[2]] 0.60672647
[0.5, 0, 0.5]
[0, 2] [[0], [2]] 0.62690586
[0, 0.5, 0.5]
[1, 2] [[1], [2]] 0.60459644
[0.3333333333333333, 0.3333333333333333, 0.3333333333333333]
[0, 1, 2] [[0], [1], [2]] 0.6191704
[0.23137143005927405, 0.08770555009444554, 0.20009344567855197]
[[0], [1], [2]]
round 10, loss=217.43113708496094
server time: 19.554025173187256
local train time: 5.878007968266805
learning rate:  0.03138105960900001
[[0], [1], [2]]
[0, 0, 0]
[] [] 0.6191704
[1.0, 0, 0]
[0] [[0]] 0.6758969
[0, 1.0, 0]
[1] [[1]] 0.62006724
[0.5, 0.5, 0]
[0, 1] [[0], [1]] 0.6471973
[0, 0, 1.0]
[2] [[2]] 0.6225336
[0.5, 0, 0.5]
[0, 2] [[0], [2]] 0.64686096
[0, 0.5, 0.5]
[1, 2] [[1], [2]] 0.6214126
[0.3333333333333333, 0.3333333333333333, 0.3333333333333333]
[0, 1, 2] [[0], [1], [2]] 0.6384529
[0.26453658690055215, 0.08023169388373692, 0.19368460526069003]
[[0], [1], [2]]
round 11, loss=200.7490692138672
server time: 19.8444561958313
local train time: 5.865516821543376
learning rate:  0.028242953648100012
[[0], [1], [2]]
[0, 0, 0]
[] [] 0.6384529
[1.0, 0, 0]
[0] [[0]] 0.7032511
[0, 1.0, 0]
[1] [[1]] 0.6394619
[0.5, 0.5, 0]
[0, 1] [[0], [1]] 0.67253363
[0, 0, 1.0]
[2] [[2]] 0.64035875
[0.5, 0, 0.5]
[0, 2] [[0], [2]] 0.6704036
[0, 0.5, 0.5]
[1, 2] [[1], [2]] 0.63890135
[0.3333333333333333, 0.3333333333333333, 0.3333333333333333]
[0, 1, 2] [[0], [1], [2]] 0.6598655
[0.30364348242680234, 0.07169284174839655, 0.18452917287747064]
[[0], [1], [2]]
round 12, loss=185.7191162109375
server time: 19.6506450176239
local train time: 5.898669958114624
learning rate:  0.025418658283290013
[[0], [1], [2]]
[0, 0, 0]
[] [] 0.6598655
[1.0, 0, 0]
[0] [[0]] 0.729148
[0, 1.0, 0]
[1] [[1]] 0.6608744
[0.5, 0.5, 0]
[0, 1] [[0], [1]] 0.6954036
[0, 0, 1.0]
[2] [[2]] 0.65952915
[0.5, 0, 0.5]
[0, 2] [[0], [2]] 0.6960762
[0, 0.5, 0.5]
[1, 2] [[1], [2]] 0.6588565
[0.3333333333333333, 0.3333333333333333, 0.3333333333333333]
[0, 1, 2] [[0], [1], [2]] 0.68419284
[0.3470291172464689, 0.062331852813561746, 0.1748318647344907]
[[0], [1], [2]]
round 13, loss=172.17059326171875
server time: 19.790627479553223
local train time: 5.86211617787679
learning rate:  0.022876792454961013
[[0], [1], [2]]
[0, 0, 0]
[] [] 0.68419284
[1.0, 0, 0]
[0] [[0]] 0.7515695
[0, 1.0, 0]
[1] [[1]] 0.68116593
[0.5, 0.5, 0]
[0, 1] [[0], [1]] 0.71793723
[0, 0, 1.0]
[2] [[2]] 0.67869955
[0.5, 0, 0.5]
[0, 2] [[0], [2]] 0.71659195
[0, 0.5, 0.5]
[1, 2] [[1], [2]] 0.682287
[0.3333333333333333, 0.3333333333333333, 0.3333333333333333]
[0, 1, 2] [[0], [1], [2]] 0.70381165
[0.38910684734582907, 0.05205530673265456, 0.16264948993921277]
[[0], [1], [2]]
round 14, loss=159.97047424316406
server time: 20.048102855682373
local train time: 5.874956687291463
learning rate:  0.020589113209464913
[[0], [1], [2]]
[0, 0, 0]
[] [] 0.70381165
[1.0, 0, 0]
[0] [[0]] 0.76984304
[0, 1.0, 0]
[1] [[1]] 0.7028027
[0.5, 0.5, 0]
[0, 1] [[0], [1]] 0.7411435
[0, 0, 1.0]
[2] [[2]] 0.6970852
[0.5, 0, 0.5]
[0, 2] [[0], [2]] 0.73867714
[0, 0.5, 0.5]
[1, 2] [[1], [2]] 0.7011211
[0.3333333333333333, 0.3333333333333333, 0.3333333333333333]
[0, 1, 2] [[0], [1], [2]] 0.72746634
[0.4332211886843046, 0.04387145986159641, 0.1503736947973569]
[[0], [1], [2]]
round 15, loss=149.00877380371094
server time: 19.812988996505737
local train time: 5.86976416905721
learning rate:  0.01853020188851842
[[0], [1], [2]]
[0, 0, 0]
[] [] 0.72746634
[1.0, 0, 0]
[0] [[0]] 0.7928251
[0, 1.0, 0]
[1] [[1]] 0.7224215
[0.5, 0.5, 0]
[0, 1] [[0], [1]] 0.75964123
[0, 0, 1.0]
[2] [[2]] 0.717713
[0.5, 0, 0.5]
[0, 2] [[0], [2]] 0.7591928
[0, 0.5, 0.5]
[1, 2] [[1], [2]] 0.71995515
[0.3333333333333333, 0.3333333333333333, 0.3333333333333333]
[0, 1, 2] [[0], [1], [2]] 0.74730945
[0.4772421295444171, 0.033071773747603075, 0.13699554155270258]
[[0], [1], [2]]
round 16, loss=139.19044494628906
server time: 19.68114399909973
local train time: 5.8220259348551435
learning rate:  0.01667718169966658
[[0], [1], [2]]
[0, 0, 0]
[] [] 0.74730945
[1.0, 0, 0]
[0] [[0]] 0.8086323
[0, 1.0, 0]
[1] [[1]] 0.7399103
[0.5, 0.5, 0]
[0, 1] [[0], [1]] 0.781278
[0, 0, 1.0]
[2] [[2]] 0.73419285
[0.5, 0, 0.5]
[0, 2] [[0], [2]] 0.77735424
[0, 0.5, 0.5]
[1, 2] [[1], [2]] 0.73733187
[0.3333333333333333, 0.3333333333333333, 0.3333333333333333]
[0, 1, 2] [[0], [1], [2]] 0.76547086
[0.5211509341994922, 0.022608386973539965, 0.12171153972546259]
[[0], [1], [2]]
round 17, loss=130.42967224121094
server time: 19.72692370414734
local train time: 5.840335130691528
learning rate:  0.015009463529699923
[[0], [1], [2]]
[0, 0, 0]
[] [] 0.76547086
[1.0, 0, 0]
[0] [[0]] 0.82085204
[0, 1.0, 0]
[1] [[1]] 0.75986546
[0.5, 0.5, 0]
[0, 1] [[0], [1]] 0.79562783
[0, 0, 1.0]
[2] [[2]] 0.75336325
[0.5, 0, 0.5]
[0, 2] [[0], [2]] 0.7943946
[0, 0.5, 0.5]
[1, 2] [[1], [2]] 0.75672644
[0.3333333333333333, 0.3333333333333333, 0.3333333333333333]
[0, 1, 2] [[0], [1], [2]] 0.7847534
[0.5617525950074197, 0.013882674276828743, 0.10911811143159865]
[[0], [1], [2]]
round 18, loss=122.6468734741211
server time: 19.901245594024658
local train time: 5.8259828090667725
learning rate:  0.013508517176729932
[[0], [1], [2]]
[0, 0, 0]
[] [] 0.7847534
[1.0, 0, 0]
[0] [[0]] 0.8338565
[0, 1.0, 0]
[1] [[1]] 0.7761211
[0.5, 0.5, 0]
[0, 1] [[0], [1]] 0.80784756
[0, 0, 1.0]
[2] [[2]] 0.77152467
[0.5, 0, 0.5]	
[0, 2] [[0], [2]] 0.8058296
[0, 0.5, 0.5]
[1, 2] [[1], [2]] 0.77387893
[0.3333333333333333, 0.3333333333333333, 0.3333333333333333]
[0, 1, 2] [[0], [1], [2]] 0.796861
[0.5967862283190093, 0.004073259731133757, 0.09600150336821872]
[[0], [1], [2]]
round 19, loss=115.765869140625
server time: 19.728781938552856
local train time: 5.878553628921509
learning rate:  0.01215766545905694
[[0], [1], [2]]
[0, 0, 0]
[] [] 0.796861
[1.0, 0, 0]
[0] [[0]] 0.8457399
[0, 1.0, 0]
[1] [[1]] 0.79047084
[0.5, 0.5, 0]
[0, 1] [[0], [1]] 0.8200673
[0, 0, 1.0]
[2] [[2]] 0.7852018
[0.5, 0, 0.5]
[0, 2] [[0], [2]] 0.8173767
[0, 0.5, 0.5]
[1, 2] [[1], [2]] 0.78744394
[0.3333333333333333, 0.3333333333333333, 0.3333333333333333]
[0, 1, 2] [[0], [1], [2]] 0.8095291
[0.6307361498475076, -0.004577718675136589, 0.08337069302797316]
[[0], [1], [2]]
round 20, loss=109.71319580078125
server time: 19.903883695602417
local train time: 5.874242782592773
learning rate:  0.010941898913151246
[[0], [1], [2]]
[0, 0, 0]
[] [] 0.8095291
[1.0, 0, 0]
[0] [[0]] 0.8547085
[0, 1.0, 0]
[1] [[1]] 0.8017937
[0.5, 0.5, 0]
[0, 1] [[0], [1]] 0.8304933
[0, 0, 1.0]
[2] [[2]] 0.8
[0.5, 0, 0.5]
[0, 2] [[0], [2]] 0.8297085
[0, 0.5, 0.5]
[1, 2] [[1], [2]] 0.80022424
[0.3333333333333333, 0.3333333333333333, 0.3333333333333333]
[0, 1, 2] [[0], [1], [2]] 0.82242155
[0.6629297211766244, -0.013583682477474235, 0.0730755105614662]
[[0], [1], [2]]
round 21, loss=104.41718292236328
server time: 20.022591829299927
local train time: 5.893347978591919
learning rate:  0.009847709021836121
[[0], [1], [2]]
[0, 0, 0]
[] [] 0.82242155
[1.0, 0, 0]
[0] [[0]] 0.8608744
[0, 1.0, 0]
[1] [[1]] 0.81580716
[0.5, 0.5, 0]
[0, 1] [[0], [1]] 0.84047085
[0, 0, 1.0]
[2] [[2]] 0.8130045
[0.5, 0, 0.5]
[0, 2] [[0], [2]] 0.839574
[0, 0.5, 0.5]
[1, 2] [[1], [2]] 0.8143498
[0.3333333333333333, 0.3333333333333333, 0.3333333333333333]
[0, 1, 2] [[0], [1], [2]] 0.83284754
[0.6904521261652312, -0.021207007269064607, 0.06360241522391635]
[[0], [1], [2]]
round 22, loss=99.80782318115234
server time: 19.953589916229248
local train time: 5.851176818211873
learning rate:  0.00886293811965251
[[0], [1], [2]]
[0, 0, 0]
[] [] 0.83284754
[1.0, 0, 0]
[0] [[0]] 0.8678251
[0, 1.0, 0]
[1] [[1]] 0.8251121
[0.5, 0.5, 0]
[0, 1] [[0], [1]] 0.8493273
[0, 0, 1.0]
[2] [[2]] 0.82477576
[0.5, 0, 0.5]
[0, 2] [[0], [2]] 0.84910315
[0, 0.5, 0.5]
[1, 2] [[1], [2]] 0.8248879
[0.3333333333333333, 0.3333333333333333, 0.3333333333333333]
[0, 1, 2] [[0], [1], [2]] 0.84147984
[0.715732403099537, -0.029390864074230215, 0.055138297379016855]
[[0], [1], [2]]
round 23, loss=95.8166275024414
server time: 19.749497413635254
local train time: 5.831637541453044
learning rate:  0.007976644307687259
[[0], [1], [2]]
[0, 0, 0]
[] [] 0.84147984
[1.0, 0, 0]
[0] [[0]] 0.8738789
[0, 1.0, 0]
[1] [[1]] 0.8362108
[0.5, 0.5, 0]
[0, 1] [[0], [1]] 0.85661435
[0, 0, 1.0]
[2] [[2]] 0.83475333
[0.5, 0, 0.5]
[0, 2] [[0], [2]] 0.8568386
[0, 0.5, 0.5]
[1, 2] [[1], [2]] 0.83587444
[0.3333333333333333, 0.3333333333333333, 0.3333333333333333]
[0, 1, 2] [[0], [1], [2]] 0.8502242
[0.7383968109885852, -0.03604258348544441, 0.047869967917601244]
[[0], [1], [2]]
round 24, loss=92.3773422241211
server time: 22.822396516799927
local train time: 6.902012268702189
learning rate:  0.007178979876918534
[[0], [1], [2]]
[0, 0, 0]
[] [] 0.8502242
[1.0, 0, 0]
[0] [[0]] 0.8766816
[0, 1.0, 0]
[1] [[1]] 0.84394616
[0.5, 0.5, 0]
[0, 1] [[0], [1]] 0.8643498
[0, 0, 1.0]
[2] [[2]] 0.8428251
[0.5, 0, 0.5]
[0, 2] [[0], [2]] 0.86233187
[0, 0.5, 0.5]
[1, 2] [[1], [2]] 0.84316146
[0.3333333333333333, 0.3333333333333333, 0.3333333333333333]
[0, 1, 2] [[0], [1], [2]] 0.857287
[0.7585761919617654, -0.04181613773107531, 0.04052693396806715]
[[0], [1], [2]]
round 25, loss=89.42645263671875
server time: 23.142125844955444
local train time: 6.441790183385213
learning rate:  0.006461081889226681
[[0], [1], [2]]
[0, 0, 0]
[] [] 0.857287
[1.0, 0, 0]
[0] [[0]] 0.87926006
[0, 1.0, 0]
[1] [[1]] 0.8513453
[0.5, 0.5, 0]
[0, 1] [[0], [1]] 0.86961883
[0, 0, 1.0]
[2] [[2]] 0.8503363
[0.5, 0, 0.5]
[0, 2] [[0], [2]] 0.8691704
[0, 0.5, 0.5]
[1, 2] [[1], [2]] 0.8504484
[0.3333333333333333, 0.3333333333333333, 0.3333333333333333]
[0, 1, 2] [[0], [1], [2]] 0.86367714
[0.7764947290221851, -0.04721598078807197, 0.034398394326368945]
[[0], [1], [2]]
round 26, loss=86.90410614013672
server time: 20.245694637298584
local train time: 6.058126926422119
learning rate:  0.005814973700304013
[[0], [1], [2]]
[0, 0, 0]
[] [] 0.86367714
[1.0, 0, 0]
[0] [[0]] 0.88273543
[0, 1.0, 0]
[1] [[1]] 0.8578475
[0.5, 0.5, 0]
[0, 1] [[0], [1]] 0.8735426
[0, 0, 1.0]
[2] [[2]] 0.85773546
[0.5, 0, 0.5]
[0, 2] [[0], [2]] 0.87376684
[0, 0.5, 0.5]
[1, 2] [[1], [2]] 0.8573991
[0.3333333333333333, 0.3333333333333333, 0.3333333333333333]
[0, 1, 2] [[0], [1], [2]] 0.8689462
[0.7919842675328256, -0.05235426872968676, 0.0293161943554878]
[[0], [1], [2]]
round 27, loss=84.7549057006836
server time: 20.437873601913452
local train time: 6.049541711807251
learning rate:  0.005233476330273611
[[0], [1], [2]]
[0, 0, 0]
[] [] 0.8689462
[1.0, 0, 0]
[0] [[0]] 0.8852018
[0, 1.0, 0]
[1] [[1]] 0.8627803
[0.5, 0.5, 0]
[0, 1] [[0], [1]] 0.8754484
[0, 0, 1.0]
[2] [[2]] 0.86401343
[0.5, 0, 0.5]
[0, 2] [[0], [2]] 0.8761211
[0, 0.5, 0.5]
[1, 2] [[1], [2]] 0.86311656
[0.3333333333333333, 0.3333333333333333, 0.3333333333333333]
[0, 1, 2] [[0], [1], [2]] 0.87286997
[0.8047832424441974, -0.05726833393176399, 0.025355058411757128]
[[0], [1], [2]]
round 28, loss=82.9283676147461
server time: 20.6207218170166
local train time: 6.082577308019002
learning rate:  0.00471012869724625
[[0], [1], [2]]
[0, 0, 0]
[] [] 0.87286997
[1.0, 0, 0]
[0] [[0]] 0.88587445
[0, 1.0, 0]
[1] [[1]] 0.8659193
[0.5, 0.5, 0]
[0, 1] [[0], [1]] 0.8774664
[0, 0, 1.0]
[2] [[2]] 0.86816144
[0.5, 0, 0.5]
[0, 2] [[0], [2]] 0.87836325
[0, 0.5, 0.5]
[1, 2] [[1], [2]] 0.8679372
[0.3333333333333333, 0.3333333333333333, 0.3333333333333333]
[0, 1, 2] [[0], [1], [2]] 0.8748879
[0.8150597785909971, -0.06218239913384122, 0.022010502715905485]
[[0], [1], [2]]
round 29, loss=81.37921142578125
server time: 20.424800872802734
local train time: 6.105109612147014
learning rate:  0.004239115827521626
[[0], [1], [2]]
[0, 0, 0]
[] [] 0.8748879
[1.0, 0, 0]
[0] [[0]] 0.88744396
[0, 1.0, 0]
[1] [[1]] 0.87006724
[0.5, 0.5, 0]
[0, 1] [[0], [1]] 0.8806054
[0, 0, 1.0]
[2] [[2]] 0.8720852
[0.5, 0, 0.5]
[0, 2] [[0], [2]] 0.8809417
[0, 0.5, 0.5]
[1, 2] [[1], [2]] 0.87118834
[0.3333333333333333, 0.3333333333333333, 0.3333333333333333]
[0, 1, 2] [[0], [1], [2]] 0.87836325
[0.824869213004907, -0.06593799839417142, 0.019432035585244475]
[[0], [1], [2]]
round 30, loss=80.06742095947266
server time: 20.583601236343384
local train time: 5.9975426197052
learning rate:  0.0038152042447694634
[[0], [1], [2]]
[0, 0, 0]
[] [] 0.87836325
[1.0, 0, 0]
[0] [[0]] 0.88901347
[0, 1.0, 0]
[1] [[1]] 0.8744395
[0.5, 0.5, 0]
[0, 1] [[0], [1]] 0.8825112
[0, 0, 1.0]
[2] [[2]] 0.8761211
[0.5, 0, 0.5]
[0, 2] [[0], [2]] 0.8835202
[0, 0.5, 0.5]
[1, 2] [[1], [2]] 0.8751121
[0.3333333333333333, 0.3333333333333333, 0.3333333333333333]
[0, 1, 2] [[0], [1], [2]] 0.8804933
[0.8327914749582609, -0.06950676689545315, 0.01720857371886569]
[[0], [1], [2]]
round 31, loss=78.95792388916016
server time: 20.34895396232605
local train time: 6.033191601435344
learning rate:  0.003433683820292517
[[0], [1], [2]]
[0, 0, 0]
[] [] 0.8804933
[1.0, 0, 0]
[0] [[0]] 0.8910314
[0, 1.0, 0]
[1] [[1]] 0.87690586
[0.5, 0.5, 0]
[0, 1] [[0], [1]] 0.8839686
[0, 0, 1.0]
[2] [[2]] 0.8794843
[0.5, 0, 0.5]
[0, 2] [[0], [2]] 0.8855381
[0, 0.5, 0.5]
[1, 2] [[1], [2]] 0.87836325
[0.3333333333333333, 0.3333333333333333, 0.3333333333333333]
[0, 1, 2] [[0], [1], [2]] 0.8825112
[0.8398729140559833, -0.07307551552851997, 0.01571379850308098]
[[0], [1], [2]]
round 32, loss=78.0202865600586
server time: 20.628212928771973
local train time: 6.002775112787883
learning rate:  0.0030903154382632653
[[0], [1], [2]]
[0, 0, 0]
[] [] 0.8825112
[1.0, 0, 0]
[0] [[0]] 0.89192826
[0, 1.0, 0]
[1] [[1]] 0.87926006
[0.5, 0.5, 0]
[0, 1] [[0], [1]] 0.8860987
[0, 0, 1.0]
[2] [[2]] 0.8811659
[0.5, 0, 0.5]
[0, 2] [[0], [2]] 0.8869955
[0, 0.5, 0.5]
[1, 2] [[1], [2]] 0.8804933
[0.3333333333333333, 0.3333333333333333, 0.3333333333333333]
[0, 1, 2] [[0], [1], [2]] 0.88430494
[0.8463938509424528, -0.07613978038231534, 0.014050868650277432]
[[0], [1], [2]]
round 33, loss=77.22824096679688
server time: 20.294926166534424
local train time: 6.05281647046407
learning rate:  0.002781283894436939
[[0], [1], [2]]
[0, 0, 0]
[] [] 0.88430494
[1.0, 0, 0]
[0] [[0]] 0.8926009
[0, 1.0, 0]
[1] [[1]] 0.8806054
[0.5, 0.5, 0]
[0, 1] [[0], [1]] 0.8875561
[0, 0, 1.0]
[2] [[2]] 0.88329595
[0.5, 0, 0.5]
[0, 2] [[0], [2]] 0.8884529
[0, 0.5, 0.5]
[1, 2] [[1], [2]] 0.88172644
[0.3333333333333333, 0.3333333333333333, 0.3333333333333333]
[0, 1, 2] [[0], [1], [2]] 0.8860987
[0.852634516855081, -0.07926008353630704, 0.012724248071511563]
[[0], [1], [2]]
round 34, loss=76.55921173095703
server time: 20.385955572128296
local train time: 6.048324267069499
learning rate:  0.002503155504993245
[[0], [1], [2]]
[0, 0, 0]
[] [] 0.8860987
[1.0, 0, 0]
[0] [[0]] 0.89327353
[0, 1.0, 0]
[1] [[1]] 0.8823991
[0.5, 0.5, 0]
[0, 1] [[0], [1]] 0.8886771
[0, 0, 1.0]
[2] [[2]] 0.88598657
[0.5, 0, 0.5]
[0, 2] [[0], [2]] 0.8894619
[0, 0.5, 0.5]
[1, 2] [[1], [2]] 0.88295966
[0.3333333333333333, 0.3333333333333333, 0.3333333333333333]
[0, 1, 2] [[0], [1], [2]] 0.8871076
[0.8580343400438627, -0.08254859099785489, 0.011621860166390713]
[[0], [1], [2]]
round 35, loss=75.99396514892578
server time: 20.5928373336792
local train time: 6.069832642873128
learning rate:  0.0022528399544939205
[[0], [1], [2]]
[0, 0, 0]
[] [] 0.8871076
[1.0, 0, 0]
[0] [[0]] 0.89383405
[0, 1.0, 0]
[1] [[1]] 0.8839686
[0.5, 0.5, 0]
[0, 1] [[0], [1]] 0.889574
[0, 0, 1.0]
[2] [[2]] 0.8872197
[0.5, 0, 0.5]
[0, 2] [[0], [2]] 0.890583
[0, 0.5, 0.5]
[1, 2] [[1], [2]] 0.88576233
[0.3333333333333333, 0.3333333333333333, 0.3333333333333333]
[0, 1, 2] [[0], [1], [2]] 0.8880045
[0.8625186458230019, -0.0854073390364647, 0.010893173515796637]
[[0], [1], [2]]
round 36, loss=75.51608276367188
server time: 20.32430863380432
local train time: 6.073939482371013
learning rate:  0.0020275559590445286
[[0], [1], [2]]
[0, 0, 0]
[] [] 0.8880045
[1.0, 0, 0]
[0] [[0]] 0.89383405
[0, 1.0, 0]
[1] [[1]] 0.8850897
[0.5, 0.5, 0]
[0, 1] [[0], [1]] 0.890583
[0, 0, 1.0]
[2] [[2]] 0.8882287
[0.5, 0, 0.5]
[0, 2] [[0], [2]] 0.89091927
[0, 0.5, 0.5]
[1, 2] [[1], [2]] 0.88632286
[0.3333333333333333, 0.3333333333333333, 0.3333333333333333]
[0, 1, 2] [[0], [1], [2]] 0.889574
[0.8669095213214556, -0.08768684913714728, 0.010351317624251023]
[[0], [1], [2]]
round 37, loss=75.11168670654297
server time: 20.33383011817932
local train time: 6.079815626144409
learning rate:  0.0018248003631400759
[[0], [1], [2]]
[0, 0, 0]
[] [] 0.889574
[1.0, 0, 0]
[0] [[0]] 0.8939462
[0, 1.0, 0]
[1] [[1]] 0.88688344
[0.5, 0.5, 0]
[0, 1] [[0], [1]] 0.8912556
[0, 0, 1.0]
[2] [[2]] 0.88878924
[0.5, 0, 0.5]
[0, 2] [[0], [2]] 0.89136773
[0, 0.5, 0.5]
[1, 2] [[1], [2]] 0.88778025
[0.3333333333333333, 0.3333333333333333, 0.3333333333333333]
[0, 1, 2] [[0], [1], [2]] 0.890583
[0.8704596037666003, -0.08946187545855841, 0.009585248927275315]
[[0], [1], [2]]
round 38, loss=74.7690658569336
server time: 20.428921937942505
local train time: 6.082045078277588
learning rate:  0.0016423203268260682
[[0], [1], [2]]
[0, 0, 0]
[] [] 0.890583
[1.0, 0, 0]
[0] [[0]] 0.8939462
[0, 1.0, 0]
[1] [[1]] 0.88778025
[0.5, 0.5, 0]
[0, 1] [[0], [1]] 0.89147985
[0, 0, 1.0]
[2] [[2]] 0.8897982
[0.5, 0, 0.5]
[0, 2] [[0], [2]] 0.891704
[0, 0.5, 0.5]
[1, 2] [[1], [2]] 0.88878924
[0.3333333333333333, 0.3333333333333333, 0.3333333333333333]
[0, 1, 2] [[0], [1], [2]] 0.89080715
[0.873187539478143, -0.09127429376045863, 0.008893904586633021]
[[0], [1], [2]]
round 39, loss=74.47827911376953
server time: 20.599259614944458
local train time: 6.092442989349365
learning rate:  0.0014780882941434613
[[0], [1], [2]]
[0, 0, 0]
[] [] 0.89080715
[1.0, 0, 0]
[0] [[0]] 0.8947309
[0, 1.0, 0]
[1] [[1]] 0.88890135
[0.5, 0.5, 0]
[0, 1] [[0], [1]] 0.89136773
[0, 0, 1.0]
[2] [[2]] 0.89080715
[0.5, 0, 0.5]
[0, 2] [[0], [2]] 0.891704
[0, 0.5, 0.5]
[1, 2] [[1], [2]] 0.8897982
[0.3333333333333333, 0.3333333333333333, 0.3333333333333333]
[0, 1, 2] [[0], [1], [2]] 0.89091927
[0.8754296874006589, -0.09289983163277309, 0.008389410873254115]
[[0], [1], [2]]
round 40, loss=74.23104858398438
server time: 20.369295120239258
local train time: 6.085482517878215
learning rate:  0.0013302794647291152
[[0], [1], [2]]
[0, 0, 0]
[] [] 0.89091927
[1.0, 0, 0]
[0] [[0]] 0.8939462
[0, 1.0, 0]
[1] [[1]] 0.8901345
[0.5, 0.5, 0]
[0, 1] [[0], [1]] 0.8915919
[0, 0, 1.0]
[2] [[2]] 0.8911435
[0.5, 0, 0.5]
[0, 2] [[0], [2]] 0.891704
[0, 0.5, 0.5]
[1, 2] [[1], [2]] 0.890583
[0.3333333333333333, 0.3333333333333333, 0.3333333333333333]
[0, 1, 2] [[0], [1], [2]] 0.89181614
[0.8771860276659329, -0.09360984216133754, 0.008239952226479823]
[[0], [1], [2]]
round 41, loss=74.0204086303711
server time: 20.45328974723816
local train time: 6.0778078238169355
learning rate:  0.0011972515182562037
[[0], [1], [2]]
[0, 0, 0]
[] [] 0.89181614
[1.0, 0, 0]
[0] [[0]] 0.8940583
[0, 1.0, 0]
[1] [[1]] 0.89091927
[0.5, 0.5, 0]
[0, 1] [[0], [1]] 0.89181614
[0, 0, 1.0]
[2] [[2]] 0.8915919
[0.5, 0, 0.5]
[0, 2] [[0], [2]] 0.8924888
[0, 0.5, 0.5]
[1, 2] [[1], [2]] 0.8910314
[0.3333333333333333, 0.3333333333333333, 0.3333333333333333]
[0, 1, 2] [[0], [1], [2]] 0.891704
[0.8784565801421801, -0.09463749577601752, 0.007884937028090134]
[[0], [1], [2]]
round 42, loss=73.84052276611328
server time: 20.532882928848267
local train time: 6.051729679107666
learning rate:  0.0010775263664305832
[[0], [1], [2]]
[0, 0, 0]
[] [] 0.891704
[1.0, 0, 0]
[0] [[0]] 0.89439464
[0, 1.0, 0]
[1] [[1]] 0.8911435
[0.5, 0.5, 0]
[0, 1] [[0], [1]] 0.89136773
[0, 0, 1.0]
[2] [[2]] 0.89192826
[0.5, 0, 0.5]
[0, 2] [[0], [2]] 0.8924888
[0, 0.5, 0.5]
[1, 2] [[1], [2]] 0.89147985
[0.3333333333333333, 0.3333333333333333, 0.3333333333333333]
[0, 1, 2] [[0], [1], [2]] 0.8915919
[0.8795215959350268, -0.0957025115688642, 0.0077728206912676245]
[[0], [1], [2]]
round 43, loss=73.68656158447266
server time: 20.350927591323853
local train time: 6.038855314254761
learning rate:  0.000969773729787525
[[0], [1], [2]]
[0, 0, 0]
[] [] 0.8915919
[1.0, 0, 0]
[0] [[0]] 0.8942825
[0, 1.0, 0]
[1] [[1]] 0.8911435
[0.5, 0.5, 0]
[0, 1] [[0], [1]] 0.89147985
[0, 0, 1.0]
[2] [[2]] 0.8924888
[0.5, 0, 0.5]
[0, 2] [[0], [2]] 0.89237666
[0, 0.5, 0.5]
[1, 2] [[1], [2]] 0.8915919
[0.3333333333333333, 0.3333333333333333, 0.3333333333333333]
[0, 1, 2] [[0], [1], [2]] 0.89226454
[0.8806800519426663, -0.0965059424440066, 0.008090433975060755]
[[0], [1], [2]]
round 44, loss=73.554443359375
server time: 20.425414085388184
local train time: 6.0436943372090655
learning rate:  0.0008727963568087724
[[0], [1], [2]]
[0, 0, 0]
[] [] 0.89226454
[1.0, 0, 0]
[0] [[0]] 0.89439464
[0, 1.0, 0]
[1] [[1]] 0.8915919
[0.5, 0.5, 0]
[0, 1] [[0], [1]] 0.89226454
[0, 0, 1.0]
[2] [[2]] 0.8928251
[0.5, 0, 0.5]
[0, 2] [[0], [2]] 0.8924888
[0, 0.5, 0.5]
[1, 2] [[1], [2]] 0.89192826
[0.3333333333333333, 0.3333333333333333, 0.3333333333333333]
[0, 1, 2] [[0], [1], [2]] 0.8926009
[0.8816703433791796, -0.09719727685054144, 0.008127825955549851]
[[0], [1], [2]]
round 45, loss=73.44076538085938
server time: 20.51356291770935
local train time: 6.017885526021321
learning rate:  0.0007855167211278952
[[0], [1], [2]]
[0, 0, 0]
[] [] 0.8926009
[1.0, 0, 0]
[0] [[0]] 0.89439464
[0, 1.0, 0]
[1] [[1]] 0.89181614
[0.5, 0.5, 0]
[0, 1] [[0], [1]] 0.8924888
[0, 0, 1.0]
[2] [[2]] 0.8931614
[0.5, 0, 0.5]
[0, 2] [[0], [2]] 0.8926009
[0, 0.5, 0.5]
[1, 2] [[1], [2]] 0.89226454
[0.3333333333333333, 0.3333333333333333, 0.3333333333333333]
[0, 1, 2] [[0], [1], [2]] 0.8928251
[0.8824738040566444, -0.09785123914480211, 0.008202560245990729]
[[0], [1], [2]]
round 46, loss=73.34272766113281
server time: 20.705511808395386
local train time: 6.049393812815349
learning rate:  0.0007069650490151057
[[0], [1], [2]]
[0, 0, 0]
[] [] 0.8928251
[1.0, 0, 0]
[0] [[0]] 0.8942825
[0, 1.0, 0]
[1] [[1]] 0.89181614
[0.5, 0.5, 0]
[0, 1] [[0], [1]] 0.89293724
[0, 0, 1.0]
[2] [[2]] 0.89338565
[0.5, 0, 0.5]
[0, 2] [[0], [2]] 0.8930493
[0, 0.5, 0.5]
[1, 2] [[1], [2]] 0.8930493
[0.3333333333333333, 0.3333333333333333, 0.3333333333333333]
[0, 1, 2] [[0], [1], [2]] 0.8926009
[0.8829409256577492, -0.09861730784177782, 0.008277274668216681]
[[0], [1], [2]]
round 47, loss=73.25792694091797
server time: 20.39282727241516
local train time: 6.070797681808472
learning rate:  0.0006362685441135952
[[0], [1], [2]]
[0, 0, 0]
[] [] 0.8926009
[1.0, 0, 0]
[0] [[0]] 0.89450675
[0, 1.0, 0]
[1] [[1]] 0.8920404
[0.5, 0.5, 0]
[0, 1] [[0], [1]] 0.8931614
[0, 0, 1.0]
[2] [[2]] 0.89327353
[0.5, 0, 0.5]
[0, 2] [[0], [2]] 0.89327353
[0, 0.5, 0.5]
[1, 2] [[1], [2]] 0.8930493
[0.3333333333333333, 0.3333333333333333, 0.3333333333333333]
[0, 1, 2] [[0], [1], [2]] 0.8928251
[0.8836883281668028, -0.09921521196762723, 0.008352008958657559]
[[0], [1], [2]]
round 48, loss=73.18441772460938
server time: 20.38157081604004
local train time: 6.017798662185669
learning rate:  0.0005726416897022357
[[0], [1], [2]]
[0, 0, 0]
[] [] 0.8928251
[1.0, 0, 0]
[0] [[0]] 0.8942825
[0, 1.0, 0]
[1] [[1]] 0.8924888
[0.5, 0.5, 0]
[0, 1] [[0], [1]] 0.89338565
[0, 0, 1.0]
[2] [[2]] 0.893722
[0.5, 0, 0.5]
[0, 2] [[0], [2]] 0.89349777
[0, 0.5, 0.5]
[1, 2] [[1], [2]] 0.89293724
[0.3333333333333333, 0.3333333333333333, 0.3333333333333333]
[0, 1, 2] [[0], [1], [2]] 0.8928251
[0.884248860180378, -0.09983181208372117, 0.008408077061176276]
[[0], [1], [2]]
round 49, loss=73.12053680419922
server time: 20.611250162124634
total_time: 1914.9309034347534
