60000
181
181
181
local train time: 6.178367614746094
learning rate:  0.1
[[0], [1], [2]]
[[0], [1], [2]]
round 0, loss=707.180908203125
server time: 9.112691879272461
local train time: 5.99326229095459
learning rate:  0.09000000000000001
[[0], [1], [2]]
[0, 0, 0]
[] [] 0.1
[1.0, 0, 0]
[0] [[0]] 0.21143498
[0, 1.0, 0]
[1] [[1]] 0.21838565
[0.5, 0.5, 0]
[0, 1] [[0], [1]] 0.21535875
[0, 0, 1.0]
[2] [[2]] 0.22802691
[0.5, 0, 0.5]
[0, 2] [[0], [2]] 0.2191704
[0, 0.5, 0.5]
[1, 2] [[1], [2]] 0.22286996
[0.3333333333333333, 0.3333333333333333, 0.3333333333333333]
[0, 1, 2] [[0], [1], [2]] 0.21961883
[0.03408071150382359, 0.03940582772095998, 0.04613228390614192]
[[0], [1], [2]]
round 1, loss=476.75244140625
server time: 20.70321536064148
local train time: 6.043631474177043
learning rate:  0.08100000000000002
[[0], [1], [2]]
[0, 0, 0]
[] [] 0.21961883
[1.0, 0, 0]
[0] [[0]] 0.35336322
[0, 1.0, 0]
[1] [[1]] 0.3606502
[0.5, 0.5, 0]
[0, 1] [[0], [1]] 0.35538116
[0, 0, 1.0]
[2] [[2]] 0.35325113
[0.5, 0, 0.5]
[0, 2] [[0], [2]] 0.35347533
[0, 0.5, 0.5]
[1, 2] [[1], [2]] 0.35661435
[0.3333333333333333, 0.3333333333333333, 0.3333333333333333]
[0, 1, 2] [[0], [1], [2]] 0.35482064
[0.07722346236308414, 0.087761585911115, 0.08983558664719264]
[[0], [1], [2]]
round 2, loss=379.1360778808594
server time: 20.490153312683105
local train time: 5.9970619678497314
learning rate:  0.07290000000000002
[[0], [1], [2]]
[0, 0, 0]
[] [] 0.35482064
[1.0, 0, 0]
[0] [[0]] 0.43430492
[0, 1.0, 0]
[1] [[1]] 0.43878925
[0.5, 0.5, 0]
[0, 1] [[0], [1]] 0.43721974
[0, 0, 1.0]
[2] [[2]] 0.43150225
[0.5, 0, 0.5]
[0, 2] [[0], [2]] 0.43206277
[0, 0.5, 0.5]
[1, 2] [[1], [2]] 0.4325112
[0.3333333333333333, 0.3333333333333333, 0.3333333333333333]
[0, 1, 2] [[0], [1], [2]] 0.4353139
[0.1044842923680941, 0.11748879651228586, 0.1133408173918724]
[[0], [1], [2]]
round 3, loss=321.3021545410156
server time: 20.325668334960938
local train time: 6.458024104436238
learning rate:  0.06561000000000002
[[0], [1], [2]]
[0, 0, 0]
[] [] 0.4353139
[1.0, 0, 0]
[0] [[0]] 0.4941704
[0, 1.0, 0]
[1] [[1]] 0.49809417
[0.5, 0.5, 0]
[0, 1] [[0], [1]] 0.49585202
[0, 0, 1.0]
[2] [[2]] 0.4868834
[0.5, 0, 0.5]
[0, 2] [[0], [2]] 0.49069506
[0, 0.5, 0.5]
[1, 2] [[1], [2]] 0.49349776
[0.3333333333333333, 0.3333333333333333, 0.3333333333333333]
[0, 1, 2] [[0], [1], [2]] 0.4939462
[0.12451418489217755, 0.14088192582130432, 0.1285500799616178]
[[0], [1], [2]]
round 4, loss=280.9258728027344
server time: 19.969613552093506
local train time: 5.815599203109741
learning rate:  0.05904900000000002
[[0], [1], [2]]
[0, 0, 0]
[] [] 0.4939462
[1.0, 0, 0]
[0] [[0]] 0.53699553
[0, 1.0, 0]
[1] [[1]] 0.5394619
[0.5, 0.5, 0]
[0, 1] [[0], [1]] 0.53867716
[0, 0, 1.0]
[2] [[2]] 0.5286996
[0.5, 0, 0.5]
[0, 2] [[0], [2]] 0.53307176
[0, 0.5, 0.5]
[1, 2] [[1], [2]] 0.53609866
[0.3333333333333333, 0.3333333333333333, 0.3333333333333333]
[0, 1, 2] [[0], [1], [2]] 0.53598654
[0.13942449539899823, 0.15853887796401978, 0.13802316536506018]
[[0], [1], [2]]
round 5, loss=249.77752685546875
server time: 19.628731966018677
local train time: 5.834835688273112
learning rate:  0.05314410000000002
[[0], [1], [2]]
[0, 0, 0]
[] [] 0.53598654
[1.0, 0, 0]
[0] [[0]] 0.5719731
[0, 1.0, 0]
[1] [[1]] 0.57679373
[0.5, 0.5, 0]
[0, 1] [[0], [1]] 0.5732063
[0, 0, 1.0]
[2] [[2]] 0.5660314
[0.5, 0, 0.5]
[0, 2] [[0], [2]] 0.5690583
[0, 0.5, 0.5]
[1, 2] [[1], [2]] 0.57085204
[0.3333333333333333, 0.3333333333333333, 0.3333333333333333]
[0, 1, 2] [[0], [1], [2]] 0.57029146
[0.15113972872495648, 0.17356130480766296, 0.14559042205413184]
[[0], [1], [2]]
round 6, loss=224.3095245361328
server time: 19.85292387008667
local train time: 5.876986900965373
learning rate:  0.04782969000000002
[[0], [1], [2]]
[0, 0, 0]
[] [] 0.57029146
[1.0, 0, 0]
[0] [[0]] 0.6058296
[0, 1.0, 0]
[1] [[1]] 0.60762334
[0.5, 0.5, 0]
[0, 1] [[0], [1]] 0.60762334
[0, 0, 1.0]
[2] [[2]] 0.59798205
[0.5, 0, 0.5]
[0, 2] [[0], [2]] 0.60246634
[0, 0.5, 0.5]
[1, 2] [[1], [2]] 0.6030269
[0.3333333333333333, 0.3333333333333333, 0.3333333333333333]
[0, 1, 2] [[0], [1], [2]] 0.60515696
[0.16444316754738486, 0.18804190556208292, 0.15267188102006912]
[[0], [1], [2]]
round 7, loss=202.79676818847656
server time: 19.829793453216553
local train time: 5.85591999689738
learning rate:  0.043046721000000024
[[0], [1], [2]]
[0, 0, 0]
[] [] 0.60515696
[1.0, 0, 0]
[0] [[0]] 0.63318384
[0, 1.0, 0]
[1] [[1]] 0.6352018
[0.5, 0.5, 0]
[0, 1] [[0], [1]] 0.63587445
[0, 0, 1.0]
[2] [[2]] 0.6279148
[0.5, 0, 0.5]
[0, 2] [[0], [2]] 0.6315023
[0, 0.5, 0.5]
[1, 2] [[1], [2]] 0.6316143
[0.3333333333333333, 0.3333333333333333, 0.3333333333333333]
[0, 1, 2] [[0], [1], [2]] 0.6335202
[0.17513076712687806, 0.1997945209344228, 0.1585948939124743]
[[0], [1], [2]]
round 8, loss=184.30328369140625
server time: 19.517704963684082
local train time: 5.860401153564453
learning rate:  0.03874204890000002
[[0], [1], [2]]
[0, 0, 0]
[] [] 0.6335202
[1.0, 0, 0]
[0] [[0]] 0.6591928
[0, 1.0, 0]
[1] [[1]] 0.6618834
[0.5, 0.5, 0]
[0, 1] [[0], [1]] 0.6600897
[0, 0, 1.0]
[2] [[2]] 0.65403587
[0.5, 0, 0.5]
[0, 2] [[0], [2]] 0.6573991
[0, 0.5, 0.5]
[1, 2] [[1], [2]] 0.6577354
[0.3333333333333333, 0.3333333333333333, 0.3333333333333333]
[0, 1, 2] [[0], [1], [2]] 0.6577354
[0.1839498902360598, 0.21012709538141885, 0.16365841776132584]
[[0], [1], [2]]
round 9, loss=168.26011657714844
server time: 20.046333074569702
local train time: 5.862684806187947
learning rate:  0.03486784401000002
[[0], [1], [2]]
[0, 0, 0]
[] [] 0.6577354
[1.0, 0, 0]
[0] [[0]] 0.6871076
[0, 1.0, 0]
[1] [[1]] 0.6894619
[0.5, 0.5, 0]
[0, 1] [[0], [1]] 0.68733186
[0, 0, 1.0]
[2] [[2]] 0.68026906
[0.5, 0, 0.5]
[0, 2] [[0], [2]] 0.68430495
[0, 0.5, 0.5]
[1, 2] [[1], [2]] 0.68520176
[0.3333333333333333, 0.3333333333333333, 0.3333333333333333]
[0, 1, 2] [[0], [1], [2]] 0.68520176
[0.19405827174584067, 0.2218610147635142, 0.1692824736237526]
[[0], [1], [2]]
round 10, loss=154.28009033203125
server time: 19.76728892326355
local train time: 5.871857722600301
learning rate:  0.03138105960900001
[[0], [1], [2]]
[0, 0, 0]
[] [] 0.68520176
[1.0, 0, 0]
[0] [[0]] 0.7136771
[0, 1.0, 0]
[1] [[1]] 0.7151345
[0.5, 0.5, 0]
[0, 1] [[0], [1]] 0.7142377
[0, 0, 1.0]
[2] [[2]] 0.70807177
[0.5, 0, 0.5]
[0, 2] [[0], [2]] 0.7107623
[0, 0.5, 0.5]
[1, 2] [[1], [2]] 0.7112108
[0.3333333333333333, 0.3333333333333333, 0.3333333333333333]
[0, 1, 2] [[0], [1], [2]] 0.7117713
[0.20403585086266196, 0.23279152313868204, 0.1749439314007759]
[[0], [1], [2]]
round 11, loss=142.07286071777344
server time: 19.865983963012695
local train time: 5.863384405771892
learning rate:  0.028242953648100012
[[0], [1], [2]]
[0, 0, 0]
[] [] 0.7117713
[1.0, 0, 0]
[0] [[0]] 0.7396861
[0, 1.0, 0]
[1] [[1]] 0.7409193
[0.5, 0.5, 0]
[0, 1] [[0], [1]] 0.7414798
[0, 0, 1.0]
[2] [[2]] 0.7343049
[0.5, 0, 0.5]
[0, 2] [[0], [2]] 0.7368834
[0, 0.5, 0.5]
[1, 2] [[1], [2]] 0.7384529
[0.3333333333333333, 0.3333333333333333, 0.3333333333333333]
[0, 1, 2] [[0], [1], [2]] 0.73901343
[0.21405078222354249, 0.24420781930287677, 0.18075482795635858]
[[0], [1], [2]]
round 12, loss=131.40582275390625
server time: 19.71935510635376
local train time: 5.893430074055989
learning rate:  0.025418658283290013
[[0], [1], [2]]
[0, 0, 0]
[] [] 0.73901343
[1.0, 0, 0]
[0] [[0]] 0.760426
[0, 1.0, 0]
[1] [[1]] 0.7622197
[0.5, 0.5, 0]
[0, 1] [[0], [1]] 0.7619955
[0, 0, 1.0]
[2] [[2]] 0.7561659
[0.5, 0, 0.5]
[0, 2] [[0], [2]] 0.7580717
[0, 0.5, 0.5]
[1, 2] [[1], [2]] 0.75964123
[0.3333333333333333, 0.3333333333333333, 0.3333333333333333]
[0, 1, 2] [[0], [1], [2]] 0.75975335
[0.22150593250989908, 0.2533445954322815, 0.18490281452735263]
[[0], [1], [2]]
round 13, loss=122.0855941772461
server time: 19.898059606552124
local train time: 5.8422214190165205
learning rate:  0.022876792454961013
[[0], [1], [2]]
[0, 0, 0]
[] [] 0.75975335
[1.0, 0, 0]
[0] [[0]] 0.78038114
[0, 1.0, 0]
[1] [[1]] 0.78206277
[0.5, 0.5, 0]
[0, 1] [[0], [1]] 0.78161436
[0, 0, 1.0]
[2] [[2]] 0.7766816
[0.5, 0, 0.5]
[0, 2] [[0], [2]] 0.778139
[0, 0.5, 0.5]
[1, 2] [[1], [2]] 0.7795964
[0.3333333333333333, 0.3333333333333333, 0.3333333333333333]
[0, 1, 2] [[0], [1], [2]] 0.77948433
[0.22851267705361042, 0.26192084948221844, 0.18905080109834668]
[[0], [1], [2]]
round 14, loss=113.94893646240234
server time: 19.830389499664307
local train time: 5.843675931294759
learning rate:  0.020589113209464913
[[0], [1], [2]]
[0, 0, 0]
[] [] 0.77948433
[1.0, 0, 0]
[0] [[0]] 0.7983184
[0, 1.0, 0]
[1] [[1]] 0.79966366
[0.5, 0.5, 0]
[0, 1] [[0], [1]] 0.79910314
[0, 0, 1.0]
[2] [[2]] 0.79473096
[0.5, 0, 0.5]
[0, 2] [[0], [2]] 0.7964125
[0, 0.5, 0.5]
[1, 2] [[1], [2]] 0.7974215
[0.3333333333333333, 0.3333333333333333, 0.3333333333333333]
[0, 1, 2] [[0], [1], [2]] 0.79820627
[0.23523912082115803, 0.26982442537943524, 0.19314271956682202]
[[0], [1], [2]]
round 15, loss=106.8575439453125
server time: 19.661219835281372
local train time: 5.818615674972534
learning rate:  0.01853020188851842
[[0], [1], [2]]
[0, 0, 0]
[] [] 0.79820627
[1.0, 0, 0]
[0] [[0]] 0.8144619
[0, 1.0, 0]
[1] [[1]] 0.8149103
[0.5, 0.5, 0]
[0, 1] [[0], [1]] 0.8149103
[0, 0, 1.0]
[2] [[2]] 0.8118834
[0.5, 0, 0.5]
[0, 2] [[0], [2]] 0.8133408
[0, 0.5, 0.5]
[1, 2] [[1], [2]] 0.8134529
[0.3333333333333333, 0.3333333333333333, 0.3333333333333333]
[0, 1, 2] [[0], [1], [2]] 0.81390136
[0.2410500471790631, 0.2759156127770742, 0.19693570087353385]
[[0], [1], [2]]
round 16, loss=100.69295501708984
server time: 19.767049551010132
local train time: 5.8455047607421875
learning rate:  0.01667718169966658
[[0], [1], [2]]
[0, 0, 0]
[] [] 0.81390136
[1.0, 0, 0]
[0] [[0]] 0.8276906
[0, 1.0, 0]
[1] [[1]] 0.8279148
[0.5, 0.5, 0]
[0, 1] [[0], [1]] 0.82881165
[0, 0, 1.0]
[2] [[2]] 0.8251121
[0.5, 0, 0.5]
[0, 2] [[0], [2]] 0.8266816
[0, 0.5, 0.5]
[1, 2] [[1], [2]] 0.82701796
[0.3333333333333333, 0.3333333333333333, 0.3333333333333333]
[0, 1, 2] [[0], [1], [2]] 0.82713
[0.24609487503767005, 0.2812407016754151, 0.1997944389780362]
[[0], [1], [2]]
round 17, loss=95.35208892822266
server time: 19.578056812286377
local train time: 5.8516019980112715
learning rate:  0.015009463529699923
[[0], [1], [2]]
[0, 0, 0]
[] [] 0.82713
[1.0, 0, 0]
[0] [[0]] 0.8408072
[0, 1.0, 0]
[1] [[1]] 0.8411435
[0.5, 0.5, 0]
[0, 1] [[0], [1]] 0.84091926
[0, 0, 1.0]
[2] [[2]] 0.8382287
[0.5, 0, 0.5]
[0, 2] [[0], [2]] 0.839574
[0, 0.5, 0.5]
[1, 2] [[1], [2]] 0.83934975
[0.3333333333333333, 0.3333333333333333, 0.3333333333333333]
[0, 1, 2] [[0], [1], [2]] 0.8402466
[0.2511397326985994, 0.28634158770243334, 0.20276529341936106]
[[0], [1], [2]]
round 18, loss=90.7439956665039
server time: 20.105851650238037
local train time: 5.855833133061727
learning rate:  0.013508517176729932
[[0], [1], [2]]
[0, 0, 0]
[] [] 0.8402466
[1.0, 0, 0]
[0] [[0]] 0.8522422
[0, 1.0, 0]
[1] [[1]] 0.8522422
[0.5, 0.5, 0]
[0, 1] [[0], [1]] 0.85257846
[0, 0, 1.0]
[2] [[2]] 0.85
[0.5, 0, 0.5]
[0, 2] [[0], [2]] 0.85156953
[0, 0.5, 0.5]
[1, 2] [[1], [2]] 0.85100895
[0.3333333333333333, 0.3333333333333333, 0.3333333333333333]
[0, 1, 2] [[0], [1], [2]] 0.8514574
[0.25560537228981645, 0.2905269364515941, 0.20532510429620737]
[[0], [1], [2]]
round 19, loss=86.78671264648438
server time: 19.838987112045288
local train time: 5.883551200230916
learning rate:  0.01215766545905694
[[0], [1], [2]]
[0, 0, 0]
[] [] 0.8514574
[1.0, 0, 0]
[0] [[0]] 0.860426
[0, 1.0, 0]
[1] [[1]] 0.86098653
[0.5, 0.5, 0]
[0, 1] [[0], [1]] 0.86076236
[0, 0, 1.0]
[2] [[2]] 0.8593049
[0.5, 0, 0.5]
[0, 2] [[0], [2]] 0.8597534
[0, 0.5, 0.5]
[1, 2] [[1], [2]] 0.85952914
[0.3333333333333333, 0.3333333333333333, 0.3333333333333333]
[0, 1, 2] [[0], [1], [2]] 0.8598655
[0.2587444012363751, 0.29383411010106414, 0.20728697131077442]
[[0], [1], [2]]
round 20, loss=83.40540313720703
server time: 20.0061674118042
local train time: 5.877227783203125
learning rate:  0.010941898913151246
[[0], [1], [2]]
[0, 0, 0]
[] [] 0.8598655
[1.0, 0, 0]
[0] [[0]] 0.86816144
[0, 1.0, 0]
[1] [[1]] 0.8683857
[0.5, 0.5, 0]
[0, 1] [[0], [1]] 0.8683857
[0, 0, 1.0]
[2] [[2]] 0.8678251
[0.5, 0, 0.5]
[0, 2] [[0], [2]] 0.8679372
[0, 0.5, 0.5]
[1, 2] [[1], [2]] 0.8680493
[0.3333333333333333, 0.3333333333333333, 0.3333333333333333]
[0, 1, 2] [[0], [1], [2]] 0.8679372
[0.2614910329381624, 0.2967489163080852, 0.2096972540020942]
[[0], [1], [2]]
round 21, loss=80.53118133544922
server time: 19.900163173675537
local train time: 5.86167852083842
learning rate:  0.009847709021836121
[[0], [1], [2]]
[0, 0, 0]
[] [] 0.8679372
[1.0, 0, 0]
[0] [[0]] 0.8736547
[0, 1.0, 0]
[1] [[1]] 0.87522423
[0.5, 0.5, 0]
[0, 1] [[0], [1]] 0.87477577
[0, 0, 1.0]
[2] [[2]] 0.873991
[0.5, 0, 0.5]
[0, 2] [[0], [2]] 0.873991
[0, 0.5, 0.5]
[1, 2] [[1], [2]] 0.875
[0.3333333333333333, 0.3333333333333333, 0.3333333333333333]
[0, 1, 2] [[0], [1], [2]] 0.87421525
[0.263060542444388, 0.2996076742808025, 0.21154702454805369]
[[0], [1], [2]]
round 22, loss=78.1001968383789
server time: 19.781075954437256
local train time: 5.843236049016316
learning rate:  0.00886293811965251
[[0], [1], [2]]
[0, 0, 0]
[] [] 0.87421525
[1.0, 0, 0]
[0] [[0]] 0.8794843
[0, 1.0, 0]
[1] [[1]] 0.88015693
[0.5, 0.5, 0]
[0, 1] [[0], [1]] 0.87982064
[0, 0, 1.0]
[2] [[2]] 0.88026905
[0.5, 0, 0.5]
[0, 2] [[0], [2]] 0.8797085
[0, 0.5, 0.5]
[1, 2] [[1], [2]] 0.8800448
[0.3333333333333333, 0.3333333333333333, 0.3333333333333333]
[0, 1, 2] [[0], [1], [2]] 0.87993276
[0.26463007181882847, 0.3016816675662995, 0.21362101783355072]
[[0], [1], [2]]
round 23, loss=76.0535888671875
server time: 19.70380711555481
local train time: 5.846841653188069
learning rate:  0.007976644307687259
[[0], [1], [2]]
[0, 0, 0]
[] [] 0.87993276
[1.0, 0, 0]
[0] [[0]] 0.8840807
[0, 1.0, 0]
[1] [[1]] 0.885426
[0.5, 0.5, 0]
[0, 1] [[0], [1]] 0.88464123
[0, 0, 1.0]
[2] [[2]] 0.8841928
[0.5, 0, 0.5]
[0, 2] [[0], [2]] 0.8841928
[0, 0.5, 0.5]
[1, 2] [[1], [2]] 0.8849776
[0.3333333333333333, 0.3333333333333333, 0.3333333333333333]
[0, 1, 2] [[0], [1], [2]] 0.88475335
[0.26580718408028275, 0.30392379562060046, 0.21502236276865]
[[0], [1], [2]]
round 24, loss=74.33749389648438
server time: 19.85156750679016
local train time: 5.841509977976481
learning rate:  0.007178979876918534
[[0], [1], [2]]
[0, 0, 0]
[] [] 0.88475335
[1.0, 0, 0]
[0] [[0]] 0.88934976
[0, 1.0, 0]
[1] [[1]] 0.8882287
[0.5, 0.5, 0]
[0, 1] [[0], [1]] 0.8891256
[0, 0, 1.0]
[2] [[2]] 0.888565
[0.5, 0, 0.5]
[0, 2] [[0], [2]] 0.88923764
[0, 0.5, 0.5]
[1, 2] [[1], [2]] 0.88901347
[0.3333333333333333, 0.3333333333333333, 0.3333333333333333]
[0, 1, 2] [[0], [1], [2]] 0.88901347
[0.26760090639193845, 0.30504490931828826, 0.21636764953533802]
[[0], [1], [2]]
round 25, loss=72.90314483642578
server time: 20.142640113830566
local train time: 5.874948978424072
learning rate:  0.006461081889226681
[[0], [1], [2]]
[0, 0, 0]
[] [] 0.88901347
[1.0, 0, 0]
[0] [[0]] 0.8924888
[0, 1.0, 0]
[1] [[1]] 0.8920404
[0.5, 0.5, 0]
[0, 1] [[0], [1]] 0.8926009
[0, 0, 1.0]
[2] [[2]] 0.8926009
[0.5, 0, 0.5]
[0, 2] [[0], [2]] 0.8924888
[0, 0.5, 0.5]
[1, 2] [[1], [2]] 0.89226454
[0.3333333333333333, 0.3333333333333333, 0.3333333333333333]
[0, 1, 2] [[0], [1], [2]] 0.8921525
[0.26879672457774473, 0.3059044082959494, 0.21745135138432178]
[[0], [1], [2]]
round 26, loss=71.70711517333984
server time: 19.68793034553528
local train time: 5.8773707548777265
learning rate:  0.005814973700304013
[[0], [1], [2]]
[0, 0, 0]
[] [] 0.8921525
[1.0, 0, 0]
[0] [[0]] 0.8957399
[0, 1.0, 0]
[1] [[1]] 0.895852
[0.5, 0.5, 0]
[0, 1] [[0], [1]] 0.89607626
[0, 0, 1.0]
[2] [[2]] 0.8946188
[0.5, 0, 0.5]
[0, 2] [[0], [2]] 0.8952915
[0, 0.5, 0.5]
[1, 2] [[1], [2]] 0.8952915
[0.3333333333333333, 0.3333333333333333, 0.3333333333333333]
[0, 1, 2] [[0], [1], [2]] 0.8951794
[0.27010464916626603, 0.30726839105288195, 0.21780634671449656]
[[0], [1], [2]]
round 27, loss=70.71137237548828
server time: 19.632927417755127
local train time: 5.870752175649007
learning rate:  0.005233476330273611
[[0], [1], [2]]
[0, 0, 0]
[] [] 0.8951794
[1.0, 0, 0]
[0] [[0]] 0.8976457
[0, 1.0, 0]
[1] [[1]] 0.8976457
[0.5, 0.5, 0]
[0, 1] [[0], [1]] 0.89742154
[0, 0, 1.0]
[2] [[2]] 0.8966368
[0.5, 0, 0.5]
[0, 2] [[0], [2]] 0.8970852
[0, 0.5, 0.5]
[1, 2] [[1], [2]] 0.89742154
[0.3333333333333333, 0.3333333333333333, 0.3333333333333333]
[0, 1, 2] [[0], [1], [2]] 0.89742154
[0.27096412827571226, 0.30829604466756194, 0.21816136191288624]
[[0], [1], [2]]
round 28, loss=69.88284301757812
server time: 19.98494577407837
local train time: 5.862685441970825
learning rate:  0.00471012869724625
[[0], [1], [2]]
[0, 0, 0]
[] [] 0.89742154
[1.0, 0, 0]
[0] [[0]] 0.8987668
[0, 1.0, 0]
[1] [[1]] 0.89910316
[0.5, 0.5, 0]
[0, 1] [[0], [1]] 0.8986547
[0, 0, 1.0]
[2] [[2]] 0.8986547
[0.5, 0, 0.5]
[0, 2] [[0], [2]] 0.89887893
[0, 0.5, 0.5]
[1, 2] [[1], [2]] 0.8985426
[0.3333333333333333, 0.3333333333333333, 0.3333333333333333]
[0, 1, 2] [[0], [1], [2]] 0.8985426
[0.27137518177429826, 0.30870709816614794, 0.21846029907464976]
[[0], [1], [2]]
round 29, loss=69.19341278076172
server time: 19.921727418899536
local train time: 5.848346869150798
learning rate:  0.004239115827521626
[[0], [1], [2]]
[0, 0, 0]
[] [] 0.8985426
[1.0, 0, 0]
[0] [[0]] 0.90044844
[0, 1.0, 0]
[1] [[1]] 0.9002242
[0.5, 0.5, 0]
[0, 1] [[0], [1]] 0.90044844
[0, 0, 1.0]
[2] [[2]] 0.90044844
[0.5, 0, 0.5]
[0, 2] [[0], [2]] 0.90078473
[0, 0.5, 0.5]
[1, 2] [[1], [2]] 0.90078473
[0.3333333333333333, 0.3333333333333333, 0.3333333333333333]
[0, 1, 2] [[0], [1], [2]] 0.90044844
[0.2719917918244997, 0.30921159187952685, 0.21924505382776255]
[[0], [1], [2]]
round 30, loss=68.61919403076172
server time: 19.69071674346924
local train time: 5.834780216217041
learning rate:  0.0038152042447694634
[[0], [1], [2]]
[0, 0, 0]
[] [] 0.90044844
[1.0, 0, 0]
[0] [[0]] 0.90213007
[0, 1.0, 0]
[1] [[1]] 0.9022421
[0.5, 0.5, 0]
[0, 1] [[0], [1]] 0.90213007
[0, 0, 1.0]
[2] [[2]] 0.90190583
[0.5, 0, 0.5]
[0, 2] [[0], [2]] 0.90190583
[0, 0.5, 0.5]
[1, 2] [[1], [2]] 0.9017937
[0.3333333333333333, 0.3333333333333333, 0.3333333333333333]
[0, 1, 2] [[0], [1], [2]] 0.90213007
[0.27264577398697526, 0.30986554423968005, 0.21961874514818186]
[[0], [1], [2]]
round 31, loss=68.14032745361328
server time: 19.8007755279541
local train time: 5.882994572321574
learning rate:  0.003433683820292517
[[0], [1], [2]]
[0, 0, 0]
[] [] 0.90213007
[1.0, 0, 0]
[0] [[0]] 0.9028027
[0, 1.0, 0]
[1] [[1]] 0.903139
[0.5, 0.5, 0]
[0, 1] [[0], [1]] 0.9029148
[0, 0, 1.0]
[2] [[2]] 0.9025785
[0.5, 0, 0.5]
[0, 2] [[0], [2]] 0.9028027
[0, 0.5, 0.5]
[1, 2] [[1], [2]] 0.9029148
[0.3333333333333333, 0.3333333333333333, 0.3333333333333333]
[0, 1, 2] [[0], [1], [2]] 0.9028027
[0.27283262461423863, 0.31027659773826605, 0.21969347943862275]
[[0], [1], [2]]
round 32, loss=67.74016571044922
server time: 20.11909556388855
local train time: 5.864260752995809
learning rate:  0.0030903154382632653
[[0], [1], [2]]
[0, 0, 0]
[] [] 0.9028027
[1.0, 0, 0]
[0] [[0]] 0.904148
[0, 1.0, 0]
[1] [[1]] 0.90381163
[0.5, 0.5, 0]
[0, 1] [[0], [1]] 0.90381163
[0, 0, 1.0]
[2] [[2]] 0.904148
[0.5, 0, 0.5]
[0, 2] [[0], [2]] 0.9043722
[0, 0.5, 0.5]
[1, 2] [[1], [2]] 0.9042601
[0.3333333333333333, 0.3333333333333333, 0.3333333333333333]
[0, 1, 2] [[0], [1], [2]] 0.9042601
[0.27331842233737297, 0.31053816278775537, 0.22040350983540213]
[[0], [1], [2]]
round 33, loss=67.40502166748047
server time: 19.694191932678223
local train time: 5.876094977060954
learning rate:  0.002781283894436939
[[0], [1], [2]]
[0, 0, 0]
[] [] 0.9042601
[1.0, 0, 0]
[0] [[0]] 0.9048206
[0, 1.0, 0]
[1] [[1]] 0.9047085
[0.5, 0.5, 0]
[0, 1] [[0], [1]] 0.9045964
[0, 0, 1.0]
[2] [[2]] 0.90515697
[0.5, 0, 0.5]
[0, 2] [[0], [2]] 0.90493274
[0, 0.5, 0.5]
[1, 2] [[1], [2]] 0.9047085
[0.3333333333333333, 0.3333333333333333, 0.3333333333333333]
[0, 1, 2] [[0], [1], [2]] 0.9048206
[0.2734865769743918, 0.31053814291954046, 0.22079589714606598]
[[0], [1], [2]]
round 34, loss=67.12361145019531
server time: 19.766783475875854
local train time: 5.848313490549724
learning rate:  0.002503155504993245
[[0], [1], [2]]
[0, 0, 0]
[] [] 0.9048206
[1.0, 0, 0]
[0] [[0]] 0.9052691
[0, 1.0, 0]
[1] [[1]] 0.9043722
[0.5, 0.5, 0]
[0, 1] [[0], [1]] 0.90493274
[0, 0, 1.0]
[2] [[2]] 0.9048206
[0.5, 0, 0.5]
[0, 2] [[0], [2]] 0.9052691
[0, 0.5, 0.5]
[1, 2] [[1], [2]] 0.9048206
[0.3333333333333333, 0.3333333333333333, 0.3333333333333333]
[0, 1, 2] [[0], [1], [2]] 0.90504485
[0.27387897421916313, 0.3102578719456991, 0.22090800354878104]
[[0], [1], [2]]
round 35, loss=66.88663482666016
server time: 19.947086572647095
local train time: 5.869023084640503
learning rate:  0.0022528399544939205
[[0], [1], [2]]
[0, 0, 0]
[] [] 0.90504485
[1.0, 0, 0]
[0] [[0]] 0.9047085
[0, 1.0, 0]
[1] [[1]] 0.90448433
[0.5, 0.5, 0]
[0, 1] [[0], [1]] 0.9045964
[0, 0, 1.0]
[2] [[2]] 0.90515697
[0.5, 0, 0.5]
[0, 2] [[0], [2]] 0.90493274
[0, 0.5, 0.5]
[1, 2] [[1], [2]] 0.90493274
[0.3333333333333333, 0.3333333333333333, 0.3333333333333333]
[0, 1, 2] [[0], [1], [2]] 0.90493274
[0.27374816189209605, 0.3100149730841319, 0.22116959840059278]
[[0], [1], [2]]
round 36, loss=66.6865005493164
server time: 19.718740701675415
local train time: 5.850318193435669
learning rate:  0.0020275559590445286
[[0], [1], [2]]
[0, 0, 0]
[] [] 0.90493274
[1.0, 0, 0]
[0] [[0]] 0.90515697
[0, 1.0, 0]
[1] [[1]] 0.90515697
[0.5, 0.5, 0]
[0, 1] [[0], [1]] 0.90504485
[0, 0, 1.0]
[2] [[2]] 0.90549326
[0.5, 0, 0.5]
[0, 2] [[0], [2]] 0.90515697
[0, 0.5, 0.5]
[1, 2] [[1], [2]] 0.90515697
[0.3333333333333333, 0.3333333333333333, 0.3333333333333333]
[0, 1, 2] [[0], [1], [2]] 0.90515697
[0.27374817182620353, 0.3100149830182394, 0.22139381120602286]
[[0], [1], [2]]
round 37, loss=66.5169448852539
server time: 19.641793727874756
local train time: 5.8285055955251055
learning rate:  0.0018248003631400759
[[0], [1], [2]]
[0, 0, 0]
[] [] 0.90515697
[1.0, 0, 0]
[0] [[0]] 0.90493274
[0, 1.0, 0]
[1] [[1]] 0.90538114
[0.5, 0.5, 0]
[0, 1] [[0], [1]] 0.90504485
[0, 0, 1.0]
[2] [[2]] 0.9048206
[0.5, 0, 0.5]
[0, 2] [[0], [2]] 0.90504485
[0, 0.5, 0.5]
[1, 2] [[1], [2]] 0.90493274
[0.3333333333333333, 0.3333333333333333, 0.3333333333333333]
[0, 1, 2] [[0], [1], [2]] 0.9048206
[0.2736173793673514, 0.31005233526229864, 0.2211509024103482]
[[0], [1], [2]]
round 38, loss=66.37285614013672
server time: 19.52251672744751
local train time: 5.8673257033030195
learning rate:  0.0016423203268260682
[[0], [1], [2]]
[0, 0, 0]
[] [] 0.9048206
[1.0, 0, 0]
[0] [[0]] 0.90549326
[0, 1.0, 0]
[1] [[1]] 0.9052691
[0.5, 0.5, 0]
[0, 1] [[0], [1]] 0.9052691
[0, 0, 1.0]
[2] [[2]] 0.90493274
[0.5, 0, 0.5]
[0, 2] [[0], [2]] 0.90515697
[0, 0.5, 0.5]
[1, 2] [[1], [2]] 0.90515697
[0.3333333333333333, 0.3333333333333333, 0.3333333333333333]
[0, 1, 2] [[0], [1], [2]] 0.90515697
[0.2738789642850557, 0.3102018336455028, 0.22107616811990732]
[[0], [1], [2]]
round 39, loss=66.24996185302734
server time: 19.929146766662598
local train time: 5.857134819030762
learning rate:  0.0014780882941434613
[[0], [1], [2]]
[0, 0, 0]
[] [] 0.90515697
[1.0, 0, 0]
[0] [[0]] 0.90549326
[0, 1.0, 0]
[1] [[1]] 0.90515697
[0.5, 0.5, 0]
[0, 1] [[0], [1]] 0.90549326
[0, 0, 1.0]
[2] [[2]] 0.9052691
[0.5, 0, 0.5]
[0, 2] [[0], [2]] 0.9052691
[0, 0.5, 0.5]
[1, 2] [[1], [2]] 0.90515697
[0.3333333333333333, 0.3333333333333333, 0.3333333333333333]
[0, 1, 2] [[0], [1], [2]] 0.90549326
[0.2741592054565747, 0.31025787194569915, 0.22107617805401478]
[[0], [1], [2]]
round 40, loss=66.1448745727539
server time: 19.66573715209961
local train time: 5.88725471496582
learning rate:  0.0013302794647291152
[[0], [1], [2]]
[0, 0, 0]
[] [] 0.90549326
[1.0, 0, 0]
[0] [[0]] 0.90538114
[0, 1.0, 0]
[1] [[1]] 0.9052691
[0.5, 0.5, 0]
[0, 1] [[0], [1]] 0.90549326
[0, 0, 1.0]
[2] [[2]] 0.9052691
[0.5, 0, 0.5]
[0, 2] [[0], [2]] 0.90504485
[0, 0.5, 0.5]
[1, 2] [[1], [2]] 0.90515697
[0.3333333333333333, 0.3333333333333333, 0.3333333333333333]
[0, 1, 2] [[0], [1], [2]] 0.9052691
[0.2741591955224672, 0.31025789181391406, 0.22085199505090708]
[[0], [1], [2]]
round 41, loss=66.05469512939453
server time: 19.82347869873047
local train time: 5.8409186999003095
learning rate:  0.0011972515182562037
[[0], [1], [2]]
[0, 0, 0]
[] [] 0.9052691
[1.0, 0, 0]
[0] [[0]] 0.90515697
[0, 1.0, 0]
[1] [[1]] 0.90515697
[0.5, 0.5, 0]
[0, 1] [[0], [1]] 0.9052691
[0, 0, 1.0]
[2] [[2]] 0.90549326
[0.5, 0, 0.5]
[0, 2] [[0], [2]] 0.90515697
[0, 0.5, 0.5]
[1, 2] [[1], [2]] 0.90515697
[0.3333333333333333, 0.3333333333333333, 0.3333333333333333]
[0, 1, 2] [[0], [1], [2]] 0.9052691
[0.2741218333443005, 0.31022052963574737, 0.22092671940724048]
[[0], [1], [2]]
round 42, loss=65.97708129882812
server time: 20.044468879699707
local train time: 5.869400262832642
learning rate:  0.0010775263664305832
[[0], [1], [2]]
[0, 0, 0]
[] [] 0.9052691
[1.0, 0, 0]
[0] [[0]] 0.90549326
[0, 1.0, 0]
[1] [[1]] 0.9056054
[0.5, 0.5, 0]
[0, 1] [[0], [1]] 0.90538114
[0, 0, 1.0]
[2] [[2]] 0.9056054
[0.5, 0, 0.5]
[0, 2] [[0], [2]] 0.9056054
[0, 0.5, 0.5]
[1, 2] [[1], [2]] 0.9056054
[0.3333333333333333, 0.3333333333333333, 0.3333333333333333]
[0, 1, 2] [[0], [1], [2]] 0.90538114
[0.27408444136381144, 0.31023919582366954, 0.22105750193198515]
[[0], [1], [2]]
round 43, loss=65.91007232666016
server time: 19.805229663848877
local train time: 5.848871469497681
learning rate:  0.000969773729787525
[[0], [1], [2]]
[0, 0, 0]
[] [] 0.90538114
[1.0, 0, 0]
[0] [[0]] 0.90538114
[0, 1.0, 0]
[1] [[1]] 0.90538114
[0.5, 0.5, 0]
[0, 1] [[0], [1]] 0.90538114
[0, 0, 1.0]
[2] [[2]] 0.9057175
[0.5, 0, 0.5]
[0, 2] [[0], [2]] 0.9057175
[0, 0.5, 0.5]
[1, 2] [[1], [2]] 0.9058296
[0.3333333333333333, 0.3333333333333333, 0.3333333333333333]
[0, 1, 2] [[0], [1], [2]] 0.9057175
[0.27404706925153727, 0.31025788187980663, 0.22141253699858976]
[[0], [1], [2]]
round 44, loss=65.8520736694336
server time: 19.838862895965576
local train time: 5.840881109237671
learning rate:  0.0008727963568087724
[[0], [1], [2]]
[0, 0, 0]
[] [] 0.9057175
[1.0, 0, 0]
[0] [[0]] 0.90549326
[0, 1.0, 0]
[1] [[1]] 0.9052691
[0.5, 0.5, 0]
[0, 1] [[0], [1]] 0.90538114
[0, 0, 1.0]
[2] [[2]] 0.90605384
[0.5, 0, 0.5]
[0, 2] [[0], [2]] 0.9058296
[0, 0.5, 0.5]
[1, 2] [[1], [2]] 0.90549326
[0.3333333333333333, 0.3333333333333333, 0.3333333333333333]
[0, 1, 2] [[0], [1], [2]] 0.90549326
[0.27395362903674436, 0.30988418062527984, 0.2216554457942644]
[[0], [1], [2]]
round 45, loss=65.80171966552734
server time: 19.58611226081848
local train time: 5.835236072540283
learning rate:  0.0007855167211278952
[[0], [1], [2]]
[0, 0, 0]
[] [] 0.90549326
[1.0, 0, 0]
[0] [[0]] 0.90605384
[0, 1.0, 0]
[1] [[1]] 0.9058296
[0.5, 0.5, 0]
[0, 1] [[0], [1]] 0.90605384
[0, 0, 1.0]
[2] [[2]] 0.9058296
[0.5, 0, 0.5]
[0, 2] [[0], [2]] 0.9057175
[0, 0.5, 0.5]
[1, 2] [[1], [2]] 0.9058296
[0.3333333333333333, 0.3333333333333333, 0.3333333333333333]
[0, 1, 2] [[0], [1], [2]] 0.9059417
[0.27419654776652647, 0.3100710411866507, 0.2216741318504015]
[[0], [1], [2]]
round 46, loss=65.75790405273438
server time: 20.060507774353027
local train time: 5.860211213429769
learning rate:  0.0007069650490151057
[[0], [1], [2]]
[0, 0, 0]
[] [] 0.9059417
[1.0, 0, 0]
[0] [[0]] 0.9061659
[0, 1.0, 0]
[1] [[1]] 0.9059417
[0.5, 0.5, 0]
[0, 1] [[0], [1]] 0.9059417
[0, 0, 1.0]
[2] [[2]] 0.9056054
[0.5, 0, 0.5]
[0, 2] [[0], [2]] 0.9057175
[0, 0.5, 0.5]
[1, 2] [[1], [2]] 0.9058296
[0.3333333333333333, 0.3333333333333333, 0.3333333333333333]
[0, 1, 2] [[0], [1], [2]] 0.9057175
[0.2742525860667228, 0.31007105112075817, 0.22139385094245267]
[[0], [1], [2]]
round 47, loss=65.71965789794922
server time: 19.789654970169067
local train time: 5.8895078500111895
learning rate:  0.0006362685441135952
[[0], [1], [2]]
[0, 0, 0]
[] [] 0.9057175
[1.0, 0, 0]
[0] [[0]] 0.9061659
[0, 1.0, 0]
[1] [[1]] 0.90639013
[0.5, 0.5, 0]
[0, 1] [[0], [1]] 0.90650225
[0, 0, 1.0]
[2] [[2]] 0.9056054
[0.5, 0, 0.5]
[0, 2] [[0], [2]] 0.90605384
[0, 0.5, 0.5]
[1, 2] [[1], [2]] 0.9059417
[0.3333333333333333, 0.3333333333333333, 0.3333333333333333]
[0, 1, 2] [[0], [1], [2]] 0.9061659
[0.2745702092846234, 0.31044473250707, 0.2211509520808855]
[[0], [1], [2]]
round 48, loss=65.6861801147461
server time: 19.916265964508057
local train time: 5.86525019009908
learning rate:  0.0005726416897022357
[[0], [1], [2]]
[0, 0, 0]
[] [] 0.9061659
[1.0, 0, 0]
[0] [[0]] 0.906278
[0, 1.0, 0]
[1] [[1]] 0.90661436
[0.5, 0.5, 0]
[0, 1] [[0], [1]] 0.90650225
[0, 0, 1.0]
[2] [[2]] 0.90549326
[0.5, 0, 0.5]
[0, 2] [[0], [2]] 0.9059417
[0, 0.5, 0.5]
[1, 2] [[1], [2]] 0.90639013
[0.3333333333333333, 0.3333333333333333, 0.3333333333333333]
[0, 1, 2] [[0], [1], [2]] 0.90650225
[0.274701011677583, 0.310967912276586, 0.22083331892887745]
[[0], [1], [2]]
round 49, loss=65.65685272216797
server time: 19.81264328956604
total_time: 1867.0139479637146
